$ 1 5.0E-6 10.20027730826997 50 5.0
156 -1264 208 -1216 208 0 5.0
156 -1136 208 -1104 208 0 5.0
156 -1008 208 -976 208 0 5.0
156 -880 208 -848 208 0 5.0
156 -752 208 -720 208 0 5.0
156 -624 208 -592 208 0 5.0
156 -496 208 -464 208 0 5.0
156 -368 208 -336 208 0 5.0
156 -240 208 -208 208 0 5.0
156 -112 208 -80 208 0 5.0
156 16 208 48 208 0 5.0
156 144 208 176 208 0 5.0
156 272 208 304 208 0 5.0
156 400 208 432 208 0 5.0
156 528 208 544 208 0 5.0
w -1168 208 -1168 240 0
w -1168 240 -1136 240 0
w -1040 208 -1040 240 0
w -1040 240 -1008 240 0
w -912 208 -912 240 0
w -912 240 -880 240 0
w -784 208 -784 240 0
w -784 240 -752 240 0
w -656 208 -656 240 0
w -656 240 -624 240 0
w -528 208 -528 240 0
w -528 240 -496 240 0
w -400 208 -400 240 0
w -400 240 -368 240 0
w -272 208 -272 240 0
w -272 240 -240 240 0
w -144 208 -144 240 0
w -144 240 -112 240 0
w -16 208 -16 240 0
w -16 240 16 240 0
w 112 208 112 240 0
w 112 240 144 240 0
w 240 208 240 240 0
w 240 240 272 240 0
w 368 208 368 240 0
w 368 240 400 240 0
w 496 208 496 240 0
w 496 240 528 240 0
w -1264 208 -1280 208 0
w -1280 208 -1280 272 0
w -1280 272 -1264 272 0
w -1280 272 -1280 320 0
w -1136 208 -1152 208 0
w -1152 208 -1152 272 0
w -1152 272 -1136 272 0
w -1152 272 -1152 320 0
w -896 208 -896 272 0
w -896 272 -880 272 0
w -896 272 -896 320 0
w -1024 320 -1024 272 0
w -1024 272 -1008 272 0
w -1024 272 -1024 208 0
w -1024 208 -1008 208 0
w -896 208 -880 208 0
w -640 208 -640 272 0
w -640 272 -624 272 0
w -640 272 -640 320 0
w -768 320 -768 272 0
w -768 272 -752 272 0
w -768 272 -768 208 0
w -768 208 -752 208 0
w -640 208 -624 208 0
w -384 208 -384 272 0
w -384 272 -368 272 0
w -384 272 -384 320 0
w -512 320 -512 272 0
w -512 272 -496 272 0
w -512 272 -512 208 0
w -512 208 -496 208 0
w -384 208 -368 208 0
w -128 208 -128 272 0
w -128 272 -112 272 0
w -128 272 -128 320 0
w -256 320 -256 272 0
w -256 272 -240 272 0
w -256 272 -256 208 0
w -256 208 -240 208 0
w -128 208 -112 208 0
w 128 208 128 272 0
w 128 272 144 272 0
w 128 272 128 320 0
w 0 320 0 272 0
w 0 272 16 272 0
w 0 272 0 208 0
w 0 208 16 208 0
w 128 208 144 208 0
w 384 208 384 272 0
w 384 272 400 272 0
w 384 272 384 320 0
w 256 320 256 272 0
w 256 272 272 272 0
w 256 272 256 208 0
w 256 208 272 208 0
w 384 208 400 208 0
w 528 208 512 208 0
w 512 208 512 272 0
w 512 272 528 272 0
w 512 272 512 320 0
w -1280 320 -1152 320 0
w -1152 320 -1024 320 0
w -1024 320 -896 320 0
w -896 320 -768 320 0
w -768 320 -640 320 0
w -640 320 -512 320 0
w -512 320 -384 320 0
w -384 320 -256 320 0
w -256 320 -128 320 0
w -128 320 0 320 0
w 0 320 128 320 0
w 128 320 256 320 0
w 256 320 384 320 0
w 384 320 512 320 0
R -1264 240 -1312 240 1 2 200.0 2.5 2.5
R -1280 320 -1328 320 0 0 40.0 5.0 0.0
w -1168 208 -1168 -272 0
M -1168 -272 656 -272 2
w -1040 208 -1040 -240 0
M -1040 -240 656 -240 2
w -912 208 -912 -208 0
M -912 -208 656 -208 2
w -784 208 -784 -176 0
M -784 -176 656 -176 2
w -656 208 -656 -144 0
M -656 -144 656 -144 2
w -528 208 -528 -112 0
M -528 -112 656 -112 2
w -400 208 -400 -80 0
M -400 -80 656 -80 2
w -272 208 -272 -48 0
M -272 -48 656 -48 2
w -144 208 -144 -16 0
M -144 -16 656 -16 2
w -16 208 -16 16 0
M -16 16 656 16 2
w 112 208 112 48 0
M 112 48 656 48 2
w 240 208 240 80 0
M 240 80 656 80 2
w 368 208 368 112 0
M 368 112 656 112 2
w 496 208 496 144 0
M 496 144 656 144 2
w 624 208 624 176 0
M 624 176 656 176 2
o 0 64 0 6 5.0 9.765625E-5 0
o 1 64 0 6 5.0 9.765625E-5 0
o 2 64 0 6 5.0 9.765625E-5 0
o 3 64 0 6 5.0 9.765625E-5 0
o 4 64 0 6 5.0 9.765625E-5 0
o 5 64 0 6 5.0 9.765625E-5 0
o 6 64 0 6 5.0 9.765625E-5 0
o 7 64 0 6 5.0 9.765625E-5 0
o 8 64 0 6 5.0 9.765625E-5 0
o 9 64 0 6 5.0 9.765625E-5 0
o 10 64 0 6 5.0 9.765625E-5 0
o 11 64 0 6 5.0 9.765625E-5 0
o 12 64 0 6 5.0 9.765625E-5 0
o 13 64 0 6 5.0 9.765625E-5 0
o 14 64 0 6 5.0 9.765625E-5 0
