$ 1 5.0E-6 10.20027730826997 50 5.0
156 -28272 208 -28224 208 0 5.0
156 -28144 208 -28112 208 0 5.0
156 -28016 208 -27984 208 0 5.0
156 -27888 208 -27856 208 0 5.0
156 -27760 208 -27728 208 0 5.0
156 -27632 208 -27600 208 0 5.0
156 -27504 208 -27472 208 0 5.0
156 -27376 208 -27344 208 0 5.0
156 -27248 208 -27216 208 0 5.0
156 -27120 208 -27088 208 0 5.0
156 -26992 208 -26960 208 0 5.0
156 -26864 208 -26832 208 0 5.0
156 -26736 208 -26704 208 0 5.0
156 -26608 208 -26576 208 0 5.0
156 -26480 208 -26448 208 0 5.0
156 -26352 208 -26320 208 0 5.0
156 -26224 208 -26192 208 0 5.0
156 -26096 208 -26064 208 0 5.0
156 -25968 208 -25936 208 0 5.0
156 -25840 208 -25808 208 0 5.0
156 -25712 208 -25680 208 0 5.0
156 -25584 208 -25552 208 0 5.0
156 -25456 208 -25424 208 0 5.0
156 -25328 208 -25296 208 0 5.0
156 -25200 208 -25168 208 0 5.0
156 -25072 208 -25040 208 0 5.0
156 -24944 208 -24912 208 0 5.0
156 -24816 208 -24784 208 0 5.0
156 -24688 208 -24656 208 0 5.0
156 -24560 208 -24528 208 0 5.0
156 -24432 208 -24400 208 0 5.0
156 -24304 208 -24272 208 0 5.0
156 -24176 208 -24144 208 0 5.0
156 -24048 208 -24016 208 0 5.0
156 -23920 208 -23888 208 0 5.0
156 -23792 208 -23760 208 0 5.0
156 -23664 208 -23632 208 0 5.0
156 -23536 208 -23504 208 0 5.0
156 -23408 208 -23376 208 0 5.0
156 -23280 208 -23248 208 0 5.0
156 -23152 208 -23120 208 0 5.0
156 -23024 208 -22992 208 0 5.0
156 -22896 208 -22864 208 0 5.0
156 -22768 208 -22736 208 0 5.0
156 -22640 208 -22608 208 0 5.0
156 -22512 208 -22480 208 0 5.0
156 -22384 208 -22352 208 0 5.0
156 -22256 208 -22224 208 0 5.0
156 -22128 208 -22096 208 0 5.0
156 -22000 208 -21968 208 0 5.0
156 -21872 208 -21840 208 0 5.0
156 -21744 208 -21712 208 0 5.0
156 -21616 208 -21584 208 0 5.0
156 -21488 208 -21456 208 0 5.0
156 -21360 208 -21328 208 0 5.0
156 -21232 208 -21200 208 0 5.0
156 -21104 208 -21072 208 0 5.0
156 -20976 208 -20944 208 0 5.0
156 -20848 208 -20816 208 0 5.0
156 -20720 208 -20688 208 0 5.0
156 -20592 208 -20560 208 0 5.0
156 -20464 208 -20432 208 0 5.0
156 -20336 208 -20304 208 0 5.0
156 -20208 208 -20176 208 0 5.0
156 -20080 208 -20048 208 0 5.0
156 -19952 208 -19920 208 0 5.0
156 -19824 208 -19792 208 0 5.0
156 -19696 208 -19664 208 0 5.0
156 -19568 208 -19536 208 0 5.0
156 -19440 208 -19408 208 0 5.0
156 -19312 208 -19280 208 0 5.0
156 -19184 208 -19152 208 0 5.0
156 -19056 208 -19024 208 0 5.0
156 -18928 208 -18896 208 0 5.0
156 -18800 208 -18768 208 0 5.0
156 -18672 208 -18640 208 0 5.0
156 -18544 208 -18512 208 0 5.0
156 -18416 208 -18384 208 0 5.0
156 -18288 208 -18256 208 0 5.0
156 -18160 208 -18128 208 0 5.0
156 -18032 208 -18000 208 0 5.0
156 -17904 208 -17872 208 0 5.0
156 -17776 208 -17744 208 0 5.0
156 -17648 208 -17616 208 0 5.0
156 -17520 208 -17488 208 0 5.0
156 -17392 208 -17360 208 0 5.0
156 -17264 208 -17232 208 0 5.0
156 -17136 208 -17104 208 0 5.0
156 -17008 208 -16976 208 0 5.0
156 -16880 208 -16848 208 0 5.0
156 -16752 208 -16720 208 0 5.0
156 -16624 208 -16592 208 0 5.0
156 -16496 208 -16464 208 0 5.0
156 -16368 208 -16336 208 0 5.0
156 -16240 208 -16208 208 0 5.0
156 -16112 208 -16080 208 0 5.0
156 -15984 208 -15952 208 0 5.0
156 -15856 208 -15824 208 0 5.0
156 -15728 208 -15696 208 0 5.0
156 -15600 208 -15568 208 0 5.0
156 -15472 208 -15440 208 0 5.0
156 -15344 208 -15312 208 0 5.0
156 -15216 208 -15184 208 0 5.0
156 -15088 208 -15056 208 0 5.0
156 -14960 208 -14928 208 0 5.0
156 -14832 208 -14800 208 0 5.0
156 -14704 208 -14672 208 0 5.0
156 -14576 208 -14544 208 0 5.0
156 -14448 208 -14416 208 0 5.0
156 -14320 208 -14288 208 0 5.0
156 -14192 208 -14160 208 0 5.0
156 -14064 208 -14032 208 0 5.0
156 -13936 208 -13904 208 0 5.0
156 -13808 208 -13776 208 0 5.0
156 -13680 208 -13648 208 0 5.0
156 -13552 208 -13520 208 0 5.0
156 -13424 208 -13392 208 0 5.0
156 -13296 208 -13264 208 0 5.0
156 -13168 208 -13136 208 0 5.0
156 -13040 208 -13008 208 0 5.0
156 -12912 208 -12880 208 0 5.0
156 -12784 208 -12752 208 0 5.0
156 -12656 208 -12624 208 0 5.0
156 -12528 208 -12496 208 0 5.0
156 -12400 208 -12368 208 0 5.0
156 -12272 208 -12240 208 0 5.0
156 -12144 208 -12112 208 0 5.0
156 -12016 208 -11984 208 0 5.0
156 -11888 208 -11856 208 0 5.0
156 -11760 208 -11728 208 0 5.0
156 -11632 208 -11600 208 0 5.0
156 -11504 208 -11472 208 0 5.0
156 -11376 208 -11344 208 0 5.0
156 -11248 208 -11216 208 0 5.0
156 -11120 208 -11088 208 0 5.0
156 -10992 208 -10960 208 0 5.0
156 -10864 208 -10832 208 0 5.0
156 -10736 208 -10704 208 0 5.0
156 -10608 208 -10576 208 0 5.0
156 -10480 208 -10448 208 0 5.0
156 -10352 208 -10320 208 0 5.0
156 -10224 208 -10192 208 0 5.0
156 -10096 208 -10064 208 0 5.0
156 -9968 208 -9936 208 0 5.0
156 -9840 208 -9808 208 0 5.0
156 -9712 208 -9680 208 0 5.0
156 -9584 208 -9552 208 0 5.0
156 -9456 208 -9424 208 0 5.0
156 -9328 208 -9296 208 0 5.0
156 -9200 208 -9168 208 0 5.0
156 -9072 208 -9040 208 0 5.0
156 -8944 208 -8912 208 0 5.0
156 -8816 208 -8784 208 0 5.0
156 -8688 208 -8656 208 0 5.0
156 -8560 208 -8528 208 0 5.0
156 -8432 208 -8400 208 0 5.0
156 -8304 208 -8272 208 0 5.0
156 -8176 208 -8144 208 0 5.0
156 -8048 208 -8016 208 0 5.0
156 -7920 208 -7888 208 0 5.0
156 -7792 208 -7760 208 0 5.0
156 -7664 208 -7632 208 0 5.0
156 -7536 208 -7504 208 0 5.0
156 -7408 208 -7376 208 0 5.0
156 -7280 208 -7248 208 0 5.0
156 -7152 208 -7120 208 0 5.0
156 -7024 208 -6992 208 0 5.0
156 -6896 208 -6864 208 0 5.0
156 -6768 208 -6736 208 0 5.0
156 -6640 208 -6608 208 0 5.0
156 -6512 208 -6480 208 0 5.0
156 -6384 208 -6352 208 0 5.0
156 -6256 208 -6224 208 0 5.0
156 -6128 208 -6096 208 0 5.0
156 -6000 208 -5968 208 0 5.0
156 -5872 208 -5840 208 0 5.0
156 -5744 208 -5712 208 0 5.0
156 -5616 208 -5584 208 0 5.0
156 -5488 208 -5456 208 0 5.0
156 -5360 208 -5328 208 0 5.0
156 -5232 208 -5200 208 0 5.0
156 -5104 208 -5072 208 0 5.0
156 -4976 208 -4944 208 0 5.0
156 -4848 208 -4816 208 0 5.0
156 -4720 208 -4688 208 0 5.0
156 -4592 208 -4560 208 0 5.0
156 -4464 208 -4432 208 0 5.0
156 -4336 208 -4304 208 0 5.0
156 -4208 208 -4176 208 0 5.0
156 -4080 208 -4048 208 0 5.0
156 -3952 208 -3920 208 0 5.0
156 -3824 208 -3792 208 0 5.0
156 -3696 208 -3664 208 0 5.0
156 -3568 208 -3536 208 0 5.0
156 -3440 208 -3408 208 0 5.0
156 -3312 208 -3280 208 0 5.0
156 -3184 208 -3152 208 0 5.0
156 -3056 208 -3024 208 0 5.0
156 -2928 208 -2896 208 0 5.0
156 -2800 208 -2768 208 0 5.0
156 -2672 208 -2640 208 0 5.0
156 -2544 208 -2512 208 0 5.0
156 -2416 208 -2384 208 0 5.0
156 -2288 208 -2256 208 0 5.0
156 -2160 208 -2128 208 0 5.0
156 -2032 208 -2000 208 0 5.0
156 -1904 208 -1872 208 0 5.0
156 -1776 208 -1744 208 0 5.0
156 -1648 208 -1616 208 0 5.0
156 -1520 208 -1488 208 0 5.0
156 -1392 208 -1360 208 0 5.0
156 -1264 208 -1232 208 0 5.0
156 -1136 208 -1104 208 0 5.0
156 -1008 208 -976 208 0 5.0
156 -880 208 -848 208 0 5.0
156 -752 208 -720 208 0 5.0
156 -624 208 -592 208 0 5.0
156 -496 208 -464 208 0 5.0
156 -368 208 -336 208 0 5.0
156 -240 208 -208 208 0 5.0
156 -112 208 -80 208 0 5.0
156 16 208 48 208 0 5.0
156 144 208 176 208 0 5.0
156 272 208 304 208 0 5.0
156 400 208 432 208 0 5.0
156 528 208 544 208 0 5.0
w -28176 208 -28176 240 0
w -28176 240 -28144 240 0
w -28048 208 -28048 240 0
w -28048 240 -28016 240 0
w -27920 208 -27920 240 0
w -27920 240 -27888 240 0
w -27792 208 -27792 240 0
w -27792 240 -27760 240 0
w -27664 208 -27664 240 0
w -27664 240 -27632 240 0
w -27536 208 -27536 240 0
w -27536 240 -27504 240 0
w -27408 208 -27408 240 0
w -27408 240 -27376 240 0
w -27280 208 -27280 240 0
w -27280 240 -27248 240 0
w -27152 208 -27152 240 0
w -27152 240 -27120 240 0
w -27024 208 -27024 240 0
w -27024 240 -26992 240 0
w -26896 208 -26896 240 0
w -26896 240 -26864 240 0
w -26768 208 -26768 240 0
w -26768 240 -26736 240 0
w -26640 208 -26640 240 0
w -26640 240 -26608 240 0
w -26512 208 -26512 240 0
w -26512 240 -26480 240 0
w -26384 208 -26384 240 0
w -26384 240 -26352 240 0
w -26256 208 -26256 240 0
w -26256 240 -26224 240 0
w -26128 208 -26128 240 0
w -26128 240 -26096 240 0
w -26000 208 -26000 240 0
w -26000 240 -25968 240 0
w -25872 208 -25872 240 0
w -25872 240 -25840 240 0
w -25744 208 -25744 240 0
w -25744 240 -25712 240 0
w -25616 208 -25616 240 0
w -25616 240 -25584 240 0
w -25488 208 -25488 240 0
w -25488 240 -25456 240 0
w -25360 208 -25360 240 0
w -25360 240 -25328 240 0
w -25232 208 -25232 240 0
w -25232 240 -25200 240 0
w -25104 208 -25104 240 0
w -25104 240 -25072 240 0
w -24976 208 -24976 240 0
w -24976 240 -24944 240 0
w -24848 208 -24848 240 0
w -24848 240 -24816 240 0
w -24720 208 -24720 240 0
w -24720 240 -24688 240 0
w -24592 208 -24592 240 0
w -24592 240 -24560 240 0
w -24464 208 -24464 240 0
w -24464 240 -24432 240 0
w -24336 208 -24336 240 0
w -24336 240 -24304 240 0
w -24208 208 -24208 240 0
w -24208 240 -24176 240 0
w -24080 208 -24080 240 0
w -24080 240 -24048 240 0
w -23952 208 -23952 240 0
w -23952 240 -23920 240 0
w -23824 208 -23824 240 0
w -23824 240 -23792 240 0
w -23696 208 -23696 240 0
w -23696 240 -23664 240 0
w -23568 208 -23568 240 0
w -23568 240 -23536 240 0
w -23440 208 -23440 240 0
w -23440 240 -23408 240 0
w -23312 208 -23312 240 0
w -23312 240 -23280 240 0
w -23184 208 -23184 240 0
w -23184 240 -23152 240 0
w -23056 208 -23056 240 0
w -23056 240 -23024 240 0
w -22928 208 -22928 240 0
w -22928 240 -22896 240 0
w -22800 208 -22800 240 0
w -22800 240 -22768 240 0
w -22672 208 -22672 240 0
w -22672 240 -22640 240 0
w -22544 208 -22544 240 0
w -22544 240 -22512 240 0
w -22416 208 -22416 240 0
w -22416 240 -22384 240 0
w -22288 208 -22288 240 0
w -22288 240 -22256 240 0
w -22160 208 -22160 240 0
w -22160 240 -22128 240 0
w -22032 208 -22032 240 0
w -22032 240 -22000 240 0
w -21904 208 -21904 240 0
w -21904 240 -21872 240 0
w -21776 208 -21776 240 0
w -21776 240 -21744 240 0
w -21648 208 -21648 240 0
w -21648 240 -21616 240 0
w -21520 208 -21520 240 0
w -21520 240 -21488 240 0
w -21392 208 -21392 240 0
w -21392 240 -21360 240 0
w -21264 208 -21264 240 0
w -21264 240 -21232 240 0
w -21136 208 -21136 240 0
w -21136 240 -21104 240 0
w -21008 208 -21008 240 0
w -21008 240 -20976 240 0
w -20880 208 -20880 240 0
w -20880 240 -20848 240 0
w -20752 208 -20752 240 0
w -20752 240 -20720 240 0
w -20624 208 -20624 240 0
w -20624 240 -20592 240 0
w -20496 208 -20496 240 0
w -20496 240 -20464 240 0
w -20368 208 -20368 240 0
w -20368 240 -20336 240 0
w -20240 208 -20240 240 0
w -20240 240 -20208 240 0
w -20112 208 -20112 240 0
w -20112 240 -20080 240 0
w -19984 208 -19984 240 0
w -19984 240 -19952 240 0
w -19856 208 -19856 240 0
w -19856 240 -19824 240 0
w -19728 208 -19728 240 0
w -19728 240 -19696 240 0
w -19600 208 -19600 240 0
w -19600 240 -19568 240 0
w -19472 208 -19472 240 0
w -19472 240 -19440 240 0
w -19344 208 -19344 240 0
w -19344 240 -19312 240 0
w -19216 208 -19216 240 0
w -19216 240 -19184 240 0
w -19088 208 -19088 240 0
w -19088 240 -19056 240 0
w -18960 208 -18960 240 0
w -18960 240 -18928 240 0
w -18832 208 -18832 240 0
w -18832 240 -18800 240 0
w -18704 208 -18704 240 0
w -18704 240 -18672 240 0
w -18576 208 -18576 240 0
w -18576 240 -18544 240 0
w -18448 208 -18448 240 0
w -18448 240 -18416 240 0
w -18320 208 -18320 240 0
w -18320 240 -18288 240 0
w -18192 208 -18192 240 0
w -18192 240 -18160 240 0
w -18064 208 -18064 240 0
w -18064 240 -18032 240 0
w -17936 208 -17936 240 0
w -17936 240 -17904 240 0
w -17808 208 -17808 240 0
w -17808 240 -17776 240 0
w -17680 208 -17680 240 0
w -17680 240 -17648 240 0
w -17552 208 -17552 240 0
w -17552 240 -17520 240 0
w -17424 208 -17424 240 0
w -17424 240 -17392 240 0
w -17296 208 -17296 240 0
w -17296 240 -17264 240 0
w -17168 208 -17168 240 0
w -17168 240 -17136 240 0
w -17040 208 -17040 240 0
w -17040 240 -17008 240 0
w -16912 208 -16912 240 0
w -16912 240 -16880 240 0
w -16784 208 -16784 240 0
w -16784 240 -16752 240 0
w -16656 208 -16656 240 0
w -16656 240 -16624 240 0
w -16528 208 -16528 240 0
w -16528 240 -16496 240 0
w -16400 208 -16400 240 0
w -16400 240 -16368 240 0
w -16272 208 -16272 240 0
w -16272 240 -16240 240 0
w -16144 208 -16144 240 0
w -16144 240 -16112 240 0
w -16016 208 -16016 240 0
w -16016 240 -15984 240 0
w -15888 208 -15888 240 0
w -15888 240 -15856 240 0
w -15760 208 -15760 240 0
w -15760 240 -15728 240 0
w -15632 208 -15632 240 0
w -15632 240 -15600 240 0
w -15504 208 -15504 240 0
w -15504 240 -15472 240 0
w -15376 208 -15376 240 0
w -15376 240 -15344 240 0
w -15248 208 -15248 240 0
w -15248 240 -15216 240 0
w -15120 208 -15120 240 0
w -15120 240 -15088 240 0
w -14992 208 -14992 240 0
w -14992 240 -14960 240 0
w -14864 208 -14864 240 0
w -14864 240 -14832 240 0
w -14736 208 -14736 240 0
w -14736 240 -14704 240 0
w -14608 208 -14608 240 0
w -14608 240 -14576 240 0
w -14480 208 -14480 240 0
w -14480 240 -14448 240 0
w -14352 208 -14352 240 0
w -14352 240 -14320 240 0
w -14224 208 -14224 240 0
w -14224 240 -14192 240 0
w -14096 208 -14096 240 0
w -14096 240 -14064 240 0
w -13968 208 -13968 240 0
w -13968 240 -13936 240 0
w -13840 208 -13840 240 0
w -13840 240 -13808 240 0
w -13712 208 -13712 240 0
w -13712 240 -13680 240 0
w -13584 208 -13584 240 0
w -13584 240 -13552 240 0
w -13456 208 -13456 240 0
w -13456 240 -13424 240 0
w -13328 208 -13328 240 0
w -13328 240 -13296 240 0
w -13200 208 -13200 240 0
w -13200 240 -13168 240 0
w -13072 208 -13072 240 0
w -13072 240 -13040 240 0
w -12944 208 -12944 240 0
w -12944 240 -12912 240 0
w -12816 208 -12816 240 0
w -12816 240 -12784 240 0
w -12688 208 -12688 240 0
w -12688 240 -12656 240 0
w -12560 208 -12560 240 0
w -12560 240 -12528 240 0
w -12432 208 -12432 240 0
w -12432 240 -12400 240 0
w -12304 208 -12304 240 0
w -12304 240 -12272 240 0
w -12176 208 -12176 240 0
w -12176 240 -12144 240 0
w -12048 208 -12048 240 0
w -12048 240 -12016 240 0
w -11920 208 -11920 240 0
w -11920 240 -11888 240 0
w -11792 208 -11792 240 0
w -11792 240 -11760 240 0
w -11664 208 -11664 240 0
w -11664 240 -11632 240 0
w -11536 208 -11536 240 0
w -11536 240 -11504 240 0
w -11408 208 -11408 240 0
w -11408 240 -11376 240 0
w -11280 208 -11280 240 0
w -11280 240 -11248 240 0
w -11152 208 -11152 240 0
w -11152 240 -11120 240 0
w -11024 208 -11024 240 0
w -11024 240 -10992 240 0
w -10896 208 -10896 240 0
w -10896 240 -10864 240 0
w -10768 208 -10768 240 0
w -10768 240 -10736 240 0
w -10640 208 -10640 240 0
w -10640 240 -10608 240 0
w -10512 208 -10512 240 0
w -10512 240 -10480 240 0
w -10384 208 -10384 240 0
w -10384 240 -10352 240 0
w -10256 208 -10256 240 0
w -10256 240 -10224 240 0
w -10128 208 -10128 240 0
w -10128 240 -10096 240 0
w -10000 208 -10000 240 0
w -10000 240 -9968 240 0
w -9872 208 -9872 240 0
w -9872 240 -9840 240 0
w -9744 208 -9744 240 0
w -9744 240 -9712 240 0
w -9616 208 -9616 240 0
w -9616 240 -9584 240 0
w -9488 208 -9488 240 0
w -9488 240 -9456 240 0
w -9360 208 -9360 240 0
w -9360 240 -9328 240 0
w -9232 208 -9232 240 0
w -9232 240 -9200 240 0
w -9104 208 -9104 240 0
w -9104 240 -9072 240 0
w -8976 208 -8976 240 0
w -8976 240 -8944 240 0
w -8848 208 -8848 240 0
w -8848 240 -8816 240 0
w -8720 208 -8720 240 0
w -8720 240 -8688 240 0
w -8592 208 -8592 240 0
w -8592 240 -8560 240 0
w -8464 208 -8464 240 0
w -8464 240 -8432 240 0
w -8336 208 -8336 240 0
w -8336 240 -8304 240 0
w -8208 208 -8208 240 0
w -8208 240 -8176 240 0
w -8080 208 -8080 240 0
w -8080 240 -8048 240 0
w -7952 208 -7952 240 0
w -7952 240 -7920 240 0
w -7824 208 -7824 240 0
w -7824 240 -7792 240 0
w -7696 208 -7696 240 0
w -7696 240 -7664 240 0
w -7568 208 -7568 240 0
w -7568 240 -7536 240 0
w -7440 208 -7440 240 0
w -7440 240 -7408 240 0
w -7312 208 -7312 240 0
w -7312 240 -7280 240 0
w -7184 208 -7184 240 0
w -7184 240 -7152 240 0
w -7056 208 -7056 240 0
w -7056 240 -7024 240 0
w -6928 208 -6928 240 0
w -6928 240 -6896 240 0
w -6800 208 -6800 240 0
w -6800 240 -6768 240 0
w -6672 208 -6672 240 0
w -6672 240 -6640 240 0
w -6544 208 -6544 240 0
w -6544 240 -6512 240 0
w -6416 208 -6416 240 0
w -6416 240 -6384 240 0
w -6288 208 -6288 240 0
w -6288 240 -6256 240 0
w -6160 208 -6160 240 0
w -6160 240 -6128 240 0
w -6032 208 -6032 240 0
w -6032 240 -6000 240 0
w -5904 208 -5904 240 0
w -5904 240 -5872 240 0
w -5776 208 -5776 240 0
w -5776 240 -5744 240 0
w -5648 208 -5648 240 0
w -5648 240 -5616 240 0
w -5520 208 -5520 240 0
w -5520 240 -5488 240 0
w -5392 208 -5392 240 0
w -5392 240 -5360 240 0
w -5264 208 -5264 240 0
w -5264 240 -5232 240 0
w -5136 208 -5136 240 0
w -5136 240 -5104 240 0
w -5008 208 -5008 240 0
w -5008 240 -4976 240 0
w -4880 208 -4880 240 0
w -4880 240 -4848 240 0
w -4752 208 -4752 240 0
w -4752 240 -4720 240 0
w -4624 208 -4624 240 0
w -4624 240 -4592 240 0
w -4496 208 -4496 240 0
w -4496 240 -4464 240 0
w -4368 208 -4368 240 0
w -4368 240 -4336 240 0
w -4240 208 -4240 240 0
w -4240 240 -4208 240 0
w -4112 208 -4112 240 0
w -4112 240 -4080 240 0
w -3984 208 -3984 240 0
w -3984 240 -3952 240 0
w -3856 208 -3856 240 0
w -3856 240 -3824 240 0
w -3728 208 -3728 240 0
w -3728 240 -3696 240 0
w -3600 208 -3600 240 0
w -3600 240 -3568 240 0
w -3472 208 -3472 240 0
w -3472 240 -3440 240 0
w -3344 208 -3344 240 0
w -3344 240 -3312 240 0
w -3216 208 -3216 240 0
w -3216 240 -3184 240 0
w -3088 208 -3088 240 0
w -3088 240 -3056 240 0
w -2960 208 -2960 240 0
w -2960 240 -2928 240 0
w -2832 208 -2832 240 0
w -2832 240 -2800 240 0
w -2704 208 -2704 240 0
w -2704 240 -2672 240 0
w -2576 208 -2576 240 0
w -2576 240 -2544 240 0
w -2448 208 -2448 240 0
w -2448 240 -2416 240 0
w -2320 208 -2320 240 0
w -2320 240 -2288 240 0
w -2192 208 -2192 240 0
w -2192 240 -2160 240 0
w -2064 208 -2064 240 0
w -2064 240 -2032 240 0
w -1936 208 -1936 240 0
w -1936 240 -1904 240 0
w -1808 208 -1808 240 0
w -1808 240 -1776 240 0
w -1680 208 -1680 240 0
w -1680 240 -1648 240 0
w -1552 208 -1552 240 0
w -1552 240 -1520 240 0
w -1424 208 -1424 240 0
w -1424 240 -1392 240 0
w -1296 208 -1296 240 0
w -1296 240 -1264 240 0
w -1168 208 -1168 240 0
w -1168 240 -1136 240 0
w -1040 208 -1040 240 0
w -1040 240 -1008 240 0
w -912 208 -912 240 0
w -912 240 -880 240 0
w -784 208 -784 240 0
w -784 240 -752 240 0
w -656 208 -656 240 0
w -656 240 -624 240 0
w -528 208 -528 240 0
w -528 240 -496 240 0
w -400 208 -400 240 0
w -400 240 -368 240 0
w -272 208 -272 240 0
w -272 240 -240 240 0
w -144 208 -144 240 0
w -144 240 -112 240 0
w -16 208 -16 240 0
w -16 240 16 240 0
w 112 208 112 240 0
w 112 240 144 240 0
w 240 208 240 240 0
w 240 240 272 240 0
w 368 208 368 240 0
w 368 240 400 240 0
w 496 208 496 240 0
w 496 240 528 240 0
w -28272 208 -28288 208 0
w -28288 208 -28288 272 0
w -28288 272 -28272 272 0
w -28288 272 -28288 320 0
w -28144 208 -28160 208 0
w -28160 208 -28160 272 0
w -28160 272 -28144 272 0
w -28160 272 -28160 320 0
w -27904 208 -27904 272 0
w -27904 272 -27888 272 0
w -27904 272 -27904 320 0
w -28032 320 -28032 272 0
w -28032 272 -28016 272 0
w -28032 272 -28032 208 0
w -28032 208 -28016 208 0
w -27904 208 -27888 208 0
w -27648 208 -27648 272 0
w -27648 272 -27632 272 0
w -27648 272 -27648 320 0
w -27776 320 -27776 272 0
w -27776 272 -27760 272 0
w -27776 272 -27776 208 0
w -27776 208 -27760 208 0
w -27648 208 -27632 208 0
w -27392 208 -27392 272 0
w -27392 272 -27376 272 0
w -27392 272 -27392 320 0
w -27520 320 -27520 272 0
w -27520 272 -27504 272 0
w -27520 272 -27520 208 0
w -27520 208 -27504 208 0
w -27392 208 -27376 208 0
w -27136 208 -27136 272 0
w -27136 272 -27120 272 0
w -27136 272 -27136 320 0
w -27264 320 -27264 272 0
w -27264 272 -27248 272 0
w -27264 272 -27264 208 0
w -27264 208 -27248 208 0
w -27136 208 -27120 208 0
w -26880 208 -26880 272 0
w -26880 272 -26864 272 0
w -26880 272 -26880 320 0
w -27008 320 -27008 272 0
w -27008 272 -26992 272 0
w -27008 272 -27008 208 0
w -27008 208 -26992 208 0
w -26880 208 -26864 208 0
w -26624 208 -26624 272 0
w -26624 272 -26608 272 0
w -26624 272 -26624 320 0
w -26752 320 -26752 272 0
w -26752 272 -26736 272 0
w -26752 272 -26752 208 0
w -26752 208 -26736 208 0
w -26624 208 -26608 208 0
w -26368 208 -26368 272 0
w -26368 272 -26352 272 0
w -26368 272 -26368 320 0
w -26496 320 -26496 272 0
w -26496 272 -26480 272 0
w -26496 272 -26496 208 0
w -26496 208 -26480 208 0
w -26368 208 -26352 208 0
w -26112 208 -26112 272 0
w -26112 272 -26096 272 0
w -26112 272 -26112 320 0
w -26240 320 -26240 272 0
w -26240 272 -26224 272 0
w -26240 272 -26240 208 0
w -26240 208 -26224 208 0
w -26112 208 -26096 208 0
w -25856 208 -25856 272 0
w -25856 272 -25840 272 0
w -25856 272 -25856 320 0
w -25984 320 -25984 272 0
w -25984 272 -25968 272 0
w -25984 272 -25984 208 0
w -25984 208 -25968 208 0
w -25856 208 -25840 208 0
w -25600 208 -25600 272 0
w -25600 272 -25584 272 0
w -25600 272 -25600 320 0
w -25728 320 -25728 272 0
w -25728 272 -25712 272 0
w -25728 272 -25728 208 0
w -25728 208 -25712 208 0
w -25600 208 -25584 208 0
w -25344 208 -25344 272 0
w -25344 272 -25328 272 0
w -25344 272 -25344 320 0
w -25472 320 -25472 272 0
w -25472 272 -25456 272 0
w -25472 272 -25472 208 0
w -25472 208 -25456 208 0
w -25344 208 -25328 208 0
w -25088 208 -25088 272 0
w -25088 272 -25072 272 0
w -25088 272 -25088 320 0
w -25216 320 -25216 272 0
w -25216 272 -25200 272 0
w -25216 272 -25216 208 0
w -25216 208 -25200 208 0
w -25088 208 -25072 208 0
w -24832 208 -24832 272 0
w -24832 272 -24816 272 0
w -24832 272 -24832 320 0
w -24960 320 -24960 272 0
w -24960 272 -24944 272 0
w -24960 272 -24960 208 0
w -24960 208 -24944 208 0
w -24832 208 -24816 208 0
w -24576 208 -24576 272 0
w -24576 272 -24560 272 0
w -24576 272 -24576 320 0
w -24704 320 -24704 272 0
w -24704 272 -24688 272 0
w -24704 272 -24704 208 0
w -24704 208 -24688 208 0
w -24576 208 -24560 208 0
w -24320 208 -24320 272 0
w -24320 272 -24304 272 0
w -24320 272 -24320 320 0
w -24448 320 -24448 272 0
w -24448 272 -24432 272 0
w -24448 272 -24448 208 0
w -24448 208 -24432 208 0
w -24320 208 -24304 208 0
w -24064 208 -24064 272 0
w -24064 272 -24048 272 0
w -24064 272 -24064 320 0
w -24192 320 -24192 272 0
w -24192 272 -24176 272 0
w -24192 272 -24192 208 0
w -24192 208 -24176 208 0
w -24064 208 -24048 208 0
w -23808 208 -23808 272 0
w -23808 272 -23792 272 0
w -23808 272 -23808 320 0
w -23936 320 -23936 272 0
w -23936 272 -23920 272 0
w -23936 272 -23936 208 0
w -23936 208 -23920 208 0
w -23808 208 -23792 208 0
w -23552 208 -23552 272 0
w -23552 272 -23536 272 0
w -23552 272 -23552 320 0
w -23680 320 -23680 272 0
w -23680 272 -23664 272 0
w -23680 272 -23680 208 0
w -23680 208 -23664 208 0
w -23552 208 -23536 208 0
w -23296 208 -23296 272 0
w -23296 272 -23280 272 0
w -23296 272 -23296 320 0
w -23424 320 -23424 272 0
w -23424 272 -23408 272 0
w -23424 272 -23424 208 0
w -23424 208 -23408 208 0
w -23296 208 -23280 208 0
w -23040 208 -23040 272 0
w -23040 272 -23024 272 0
w -23040 272 -23040 320 0
w -23168 320 -23168 272 0
w -23168 272 -23152 272 0
w -23168 272 -23168 208 0
w -23168 208 -23152 208 0
w -23040 208 -23024 208 0
w -22784 208 -22784 272 0
w -22784 272 -22768 272 0
w -22784 272 -22784 320 0
w -22912 320 -22912 272 0
w -22912 272 -22896 272 0
w -22912 272 -22912 208 0
w -22912 208 -22896 208 0
w -22784 208 -22768 208 0
w -22528 208 -22528 272 0
w -22528 272 -22512 272 0
w -22528 272 -22528 320 0
w -22656 320 -22656 272 0
w -22656 272 -22640 272 0
w -22656 272 -22656 208 0
w -22656 208 -22640 208 0
w -22528 208 -22512 208 0
w -22272 208 -22272 272 0
w -22272 272 -22256 272 0
w -22272 272 -22272 320 0
w -22400 320 -22400 272 0
w -22400 272 -22384 272 0
w -22400 272 -22400 208 0
w -22400 208 -22384 208 0
w -22272 208 -22256 208 0
w -22016 208 -22016 272 0
w -22016 272 -22000 272 0
w -22016 272 -22016 320 0
w -22144 320 -22144 272 0
w -22144 272 -22128 272 0
w -22144 272 -22144 208 0
w -22144 208 -22128 208 0
w -22016 208 -22000 208 0
w -21760 208 -21760 272 0
w -21760 272 -21744 272 0
w -21760 272 -21760 320 0
w -21888 320 -21888 272 0
w -21888 272 -21872 272 0
w -21888 272 -21888 208 0
w -21888 208 -21872 208 0
w -21760 208 -21744 208 0
w -21504 208 -21504 272 0
w -21504 272 -21488 272 0
w -21504 272 -21504 320 0
w -21632 320 -21632 272 0
w -21632 272 -21616 272 0
w -21632 272 -21632 208 0
w -21632 208 -21616 208 0
w -21504 208 -21488 208 0
w -21248 208 -21248 272 0
w -21248 272 -21232 272 0
w -21248 272 -21248 320 0
w -21376 320 -21376 272 0
w -21376 272 -21360 272 0
w -21376 272 -21376 208 0
w -21376 208 -21360 208 0
w -21248 208 -21232 208 0
w -20992 208 -20992 272 0
w -20992 272 -20976 272 0
w -20992 272 -20992 320 0
w -21120 320 -21120 272 0
w -21120 272 -21104 272 0
w -21120 272 -21120 208 0
w -21120 208 -21104 208 0
w -20992 208 -20976 208 0
w -20736 208 -20736 272 0
w -20736 272 -20720 272 0
w -20736 272 -20736 320 0
w -20864 320 -20864 272 0
w -20864 272 -20848 272 0
w -20864 272 -20864 208 0
w -20864 208 -20848 208 0
w -20736 208 -20720 208 0
w -20480 208 -20480 272 0
w -20480 272 -20464 272 0
w -20480 272 -20480 320 0
w -20608 320 -20608 272 0
w -20608 272 -20592 272 0
w -20608 272 -20608 208 0
w -20608 208 -20592 208 0
w -20480 208 -20464 208 0
w -20224 208 -20224 272 0
w -20224 272 -20208 272 0
w -20224 272 -20224 320 0
w -20352 320 -20352 272 0
w -20352 272 -20336 272 0
w -20352 272 -20352 208 0
w -20352 208 -20336 208 0
w -20224 208 -20208 208 0
w -19968 208 -19968 272 0
w -19968 272 -19952 272 0
w -19968 272 -19968 320 0
w -20096 320 -20096 272 0
w -20096 272 -20080 272 0
w -20096 272 -20096 208 0
w -20096 208 -20080 208 0
w -19968 208 -19952 208 0
w -19712 208 -19712 272 0
w -19712 272 -19696 272 0
w -19712 272 -19712 320 0
w -19840 320 -19840 272 0
w -19840 272 -19824 272 0
w -19840 272 -19840 208 0
w -19840 208 -19824 208 0
w -19712 208 -19696 208 0
w -19456 208 -19456 272 0
w -19456 272 -19440 272 0
w -19456 272 -19456 320 0
w -19584 320 -19584 272 0
w -19584 272 -19568 272 0
w -19584 272 -19584 208 0
w -19584 208 -19568 208 0
w -19456 208 -19440 208 0
w -19200 208 -19200 272 0
w -19200 272 -19184 272 0
w -19200 272 -19200 320 0
w -19328 320 -19328 272 0
w -19328 272 -19312 272 0
w -19328 272 -19328 208 0
w -19328 208 -19312 208 0
w -19200 208 -19184 208 0
w -18944 208 -18944 272 0
w -18944 272 -18928 272 0
w -18944 272 -18944 320 0
w -19072 320 -19072 272 0
w -19072 272 -19056 272 0
w -19072 272 -19072 208 0
w -19072 208 -19056 208 0
w -18944 208 -18928 208 0
w -18688 208 -18688 272 0
w -18688 272 -18672 272 0
w -18688 272 -18688 320 0
w -18816 320 -18816 272 0
w -18816 272 -18800 272 0
w -18816 272 -18816 208 0
w -18816 208 -18800 208 0
w -18688 208 -18672 208 0
w -18432 208 -18432 272 0
w -18432 272 -18416 272 0
w -18432 272 -18432 320 0
w -18560 320 -18560 272 0
w -18560 272 -18544 272 0
w -18560 272 -18560 208 0
w -18560 208 -18544 208 0
w -18432 208 -18416 208 0
w -18176 208 -18176 272 0
w -18176 272 -18160 272 0
w -18176 272 -18176 320 0
w -18304 320 -18304 272 0
w -18304 272 -18288 272 0
w -18304 272 -18304 208 0
w -18304 208 -18288 208 0
w -18176 208 -18160 208 0
w -17920 208 -17920 272 0
w -17920 272 -17904 272 0
w -17920 272 -17920 320 0
w -18048 320 -18048 272 0
w -18048 272 -18032 272 0
w -18048 272 -18048 208 0
w -18048 208 -18032 208 0
w -17920 208 -17904 208 0
w -17664 208 -17664 272 0
w -17664 272 -17648 272 0
w -17664 272 -17664 320 0
w -17792 320 -17792 272 0
w -17792 272 -17776 272 0
w -17792 272 -17792 208 0
w -17792 208 -17776 208 0
w -17664 208 -17648 208 0
w -17408 208 -17408 272 0
w -17408 272 -17392 272 0
w -17408 272 -17408 320 0
w -17536 320 -17536 272 0
w -17536 272 -17520 272 0
w -17536 272 -17536 208 0
w -17536 208 -17520 208 0
w -17408 208 -17392 208 0
w -17152 208 -17152 272 0
w -17152 272 -17136 272 0
w -17152 272 -17152 320 0
w -17280 320 -17280 272 0
w -17280 272 -17264 272 0
w -17280 272 -17280 208 0
w -17280 208 -17264 208 0
w -17152 208 -17136 208 0
w -16896 208 -16896 272 0
w -16896 272 -16880 272 0
w -16896 272 -16896 320 0
w -17024 320 -17024 272 0
w -17024 272 -17008 272 0
w -17024 272 -17024 208 0
w -17024 208 -17008 208 0
w -16896 208 -16880 208 0
w -16640 208 -16640 272 0
w -16640 272 -16624 272 0
w -16640 272 -16640 320 0
w -16768 320 -16768 272 0
w -16768 272 -16752 272 0
w -16768 272 -16768 208 0
w -16768 208 -16752 208 0
w -16640 208 -16624 208 0
w -16384 208 -16384 272 0
w -16384 272 -16368 272 0
w -16384 272 -16384 320 0
w -16512 320 -16512 272 0
w -16512 272 -16496 272 0
w -16512 272 -16512 208 0
w -16512 208 -16496 208 0
w -16384 208 -16368 208 0
w -16128 208 -16128 272 0
w -16128 272 -16112 272 0
w -16128 272 -16128 320 0
w -16256 320 -16256 272 0
w -16256 272 -16240 272 0
w -16256 272 -16256 208 0
w -16256 208 -16240 208 0
w -16128 208 -16112 208 0
w -15872 208 -15872 272 0
w -15872 272 -15856 272 0
w -15872 272 -15872 320 0
w -16000 320 -16000 272 0
w -16000 272 -15984 272 0
w -16000 272 -16000 208 0
w -16000 208 -15984 208 0
w -15872 208 -15856 208 0
w -15616 208 -15616 272 0
w -15616 272 -15600 272 0
w -15616 272 -15616 320 0
w -15744 320 -15744 272 0
w -15744 272 -15728 272 0
w -15744 272 -15744 208 0
w -15744 208 -15728 208 0
w -15616 208 -15600 208 0
w -15360 208 -15360 272 0
w -15360 272 -15344 272 0
w -15360 272 -15360 320 0
w -15488 320 -15488 272 0
w -15488 272 -15472 272 0
w -15488 272 -15488 208 0
w -15488 208 -15472 208 0
w -15360 208 -15344 208 0
w -15104 208 -15104 272 0
w -15104 272 -15088 272 0
w -15104 272 -15104 320 0
w -15232 320 -15232 272 0
w -15232 272 -15216 272 0
w -15232 272 -15232 208 0
w -15232 208 -15216 208 0
w -15104 208 -15088 208 0
w -14848 208 -14848 272 0
w -14848 272 -14832 272 0
w -14848 272 -14848 320 0
w -14976 320 -14976 272 0
w -14976 272 -14960 272 0
w -14976 272 -14976 208 0
w -14976 208 -14960 208 0
w -14848 208 -14832 208 0
w -14592 208 -14592 272 0
w -14592 272 -14576 272 0
w -14592 272 -14592 320 0
w -14720 320 -14720 272 0
w -14720 272 -14704 272 0
w -14720 272 -14720 208 0
w -14720 208 -14704 208 0
w -14592 208 -14576 208 0
w -14336 208 -14336 272 0
w -14336 272 -14320 272 0
w -14336 272 -14336 320 0
w -14464 320 -14464 272 0
w -14464 272 -14448 272 0
w -14464 272 -14464 208 0
w -14464 208 -14448 208 0
w -14336 208 -14320 208 0
w -14080 208 -14080 272 0
w -14080 272 -14064 272 0
w -14080 272 -14080 320 0
w -14208 320 -14208 272 0
w -14208 272 -14192 272 0
w -14208 272 -14208 208 0
w -14208 208 -14192 208 0
w -14080 208 -14064 208 0
w -13824 208 -13824 272 0
w -13824 272 -13808 272 0
w -13824 272 -13824 320 0
w -13952 320 -13952 272 0
w -13952 272 -13936 272 0
w -13952 272 -13952 208 0
w -13952 208 -13936 208 0
w -13824 208 -13808 208 0
w -13568 208 -13568 272 0
w -13568 272 -13552 272 0
w -13568 272 -13568 320 0
w -13696 320 -13696 272 0
w -13696 272 -13680 272 0
w -13696 272 -13696 208 0
w -13696 208 -13680 208 0
w -13568 208 -13552 208 0
w -13312 208 -13312 272 0
w -13312 272 -13296 272 0
w -13312 272 -13312 320 0
w -13440 320 -13440 272 0
w -13440 272 -13424 272 0
w -13440 272 -13440 208 0
w -13440 208 -13424 208 0
w -13312 208 -13296 208 0
w -13056 208 -13056 272 0
w -13056 272 -13040 272 0
w -13056 272 -13056 320 0
w -13184 320 -13184 272 0
w -13184 272 -13168 272 0
w -13184 272 -13184 208 0
w -13184 208 -13168 208 0
w -13056 208 -13040 208 0
w -12800 208 -12800 272 0
w -12800 272 -12784 272 0
w -12800 272 -12800 320 0
w -12928 320 -12928 272 0
w -12928 272 -12912 272 0
w -12928 272 -12928 208 0
w -12928 208 -12912 208 0
w -12800 208 -12784 208 0
w -12544 208 -12544 272 0
w -12544 272 -12528 272 0
w -12544 272 -12544 320 0
w -12672 320 -12672 272 0
w -12672 272 -12656 272 0
w -12672 272 -12672 208 0
w -12672 208 -12656 208 0
w -12544 208 -12528 208 0
w -12288 208 -12288 272 0
w -12288 272 -12272 272 0
w -12288 272 -12288 320 0
w -12416 320 -12416 272 0
w -12416 272 -12400 272 0
w -12416 272 -12416 208 0
w -12416 208 -12400 208 0
w -12288 208 -12272 208 0
w -12032 208 -12032 272 0
w -12032 272 -12016 272 0
w -12032 272 -12032 320 0
w -12160 320 -12160 272 0
w -12160 272 -12144 272 0
w -12160 272 -12160 208 0
w -12160 208 -12144 208 0
w -12032 208 -12016 208 0
w -11776 208 -11776 272 0
w -11776 272 -11760 272 0
w -11776 272 -11776 320 0
w -11904 320 -11904 272 0
w -11904 272 -11888 272 0
w -11904 272 -11904 208 0
w -11904 208 -11888 208 0
w -11776 208 -11760 208 0
w -11520 208 -11520 272 0
w -11520 272 -11504 272 0
w -11520 272 -11520 320 0
w -11648 320 -11648 272 0
w -11648 272 -11632 272 0
w -11648 272 -11648 208 0
w -11648 208 -11632 208 0
w -11520 208 -11504 208 0
w -11264 208 -11264 272 0
w -11264 272 -11248 272 0
w -11264 272 -11264 320 0
w -11392 320 -11392 272 0
w -11392 272 -11376 272 0
w -11392 272 -11392 208 0
w -11392 208 -11376 208 0
w -11264 208 -11248 208 0
w -11008 208 -11008 272 0
w -11008 272 -10992 272 0
w -11008 272 -11008 320 0
w -11136 320 -11136 272 0
w -11136 272 -11120 272 0
w -11136 272 -11136 208 0
w -11136 208 -11120 208 0
w -11008 208 -10992 208 0
w -10752 208 -10752 272 0
w -10752 272 -10736 272 0
w -10752 272 -10752 320 0
w -10880 320 -10880 272 0
w -10880 272 -10864 272 0
w -10880 272 -10880 208 0
w -10880 208 -10864 208 0
w -10752 208 -10736 208 0
w -10496 208 -10496 272 0
w -10496 272 -10480 272 0
w -10496 272 -10496 320 0
w -10624 320 -10624 272 0
w -10624 272 -10608 272 0
w -10624 272 -10624 208 0
w -10624 208 -10608 208 0
w -10496 208 -10480 208 0
w -10240 208 -10240 272 0
w -10240 272 -10224 272 0
w -10240 272 -10240 320 0
w -10368 320 -10368 272 0
w -10368 272 -10352 272 0
w -10368 272 -10368 208 0
w -10368 208 -10352 208 0
w -10240 208 -10224 208 0
w -9984 208 -9984 272 0
w -9984 272 -9968 272 0
w -9984 272 -9984 320 0
w -10112 320 -10112 272 0
w -10112 272 -10096 272 0
w -10112 272 -10112 208 0
w -10112 208 -10096 208 0
w -9984 208 -9968 208 0
w -9728 208 -9728 272 0
w -9728 272 -9712 272 0
w -9728 272 -9728 320 0
w -9856 320 -9856 272 0
w -9856 272 -9840 272 0
w -9856 272 -9856 208 0
w -9856 208 -9840 208 0
w -9728 208 -9712 208 0
w -9472 208 -9472 272 0
w -9472 272 -9456 272 0
w -9472 272 -9472 320 0
w -9600 320 -9600 272 0
w -9600 272 -9584 272 0
w -9600 272 -9600 208 0
w -9600 208 -9584 208 0
w -9472 208 -9456 208 0
w -9216 208 -9216 272 0
w -9216 272 -9200 272 0
w -9216 272 -9216 320 0
w -9344 320 -9344 272 0
w -9344 272 -9328 272 0
w -9344 272 -9344 208 0
w -9344 208 -9328 208 0
w -9216 208 -9200 208 0
w -8960 208 -8960 272 0
w -8960 272 -8944 272 0
w -8960 272 -8960 320 0
w -9088 320 -9088 272 0
w -9088 272 -9072 272 0
w -9088 272 -9088 208 0
w -9088 208 -9072 208 0
w -8960 208 -8944 208 0
w -8704 208 -8704 272 0
w -8704 272 -8688 272 0
w -8704 272 -8704 320 0
w -8832 320 -8832 272 0
w -8832 272 -8816 272 0
w -8832 272 -8832 208 0
w -8832 208 -8816 208 0
w -8704 208 -8688 208 0
w -8448 208 -8448 272 0
w -8448 272 -8432 272 0
w -8448 272 -8448 320 0
w -8576 320 -8576 272 0
w -8576 272 -8560 272 0
w -8576 272 -8576 208 0
w -8576 208 -8560 208 0
w -8448 208 -8432 208 0
w -8192 208 -8192 272 0
w -8192 272 -8176 272 0
w -8192 272 -8192 320 0
w -8320 320 -8320 272 0
w -8320 272 -8304 272 0
w -8320 272 -8320 208 0
w -8320 208 -8304 208 0
w -8192 208 -8176 208 0
w -7936 208 -7936 272 0
w -7936 272 -7920 272 0
w -7936 272 -7936 320 0
w -8064 320 -8064 272 0
w -8064 272 -8048 272 0
w -8064 272 -8064 208 0
w -8064 208 -8048 208 0
w -7936 208 -7920 208 0
w -7680 208 -7680 272 0
w -7680 272 -7664 272 0
w -7680 272 -7680 320 0
w -7808 320 -7808 272 0
w -7808 272 -7792 272 0
w -7808 272 -7808 208 0
w -7808 208 -7792 208 0
w -7680 208 -7664 208 0
w -7424 208 -7424 272 0
w -7424 272 -7408 272 0
w -7424 272 -7424 320 0
w -7552 320 -7552 272 0
w -7552 272 -7536 272 0
w -7552 272 -7552 208 0
w -7552 208 -7536 208 0
w -7424 208 -7408 208 0
w -7168 208 -7168 272 0
w -7168 272 -7152 272 0
w -7168 272 -7168 320 0
w -7296 320 -7296 272 0
w -7296 272 -7280 272 0
w -7296 272 -7296 208 0
w -7296 208 -7280 208 0
w -7168 208 -7152 208 0
w -6912 208 -6912 272 0
w -6912 272 -6896 272 0
w -6912 272 -6912 320 0
w -7040 320 -7040 272 0
w -7040 272 -7024 272 0
w -7040 272 -7040 208 0
w -7040 208 -7024 208 0
w -6912 208 -6896 208 0
w -6656 208 -6656 272 0
w -6656 272 -6640 272 0
w -6656 272 -6656 320 0
w -6784 320 -6784 272 0
w -6784 272 -6768 272 0
w -6784 272 -6784 208 0
w -6784 208 -6768 208 0
w -6656 208 -6640 208 0
w -6400 208 -6400 272 0
w -6400 272 -6384 272 0
w -6400 272 -6400 320 0
w -6528 320 -6528 272 0
w -6528 272 -6512 272 0
w -6528 272 -6528 208 0
w -6528 208 -6512 208 0
w -6400 208 -6384 208 0
w -6144 208 -6144 272 0
w -6144 272 -6128 272 0
w -6144 272 -6144 320 0
w -6272 320 -6272 272 0
w -6272 272 -6256 272 0
w -6272 272 -6272 208 0
w -6272 208 -6256 208 0
w -6144 208 -6128 208 0
w -5888 208 -5888 272 0
w -5888 272 -5872 272 0
w -5888 272 -5888 320 0
w -6016 320 -6016 272 0
w -6016 272 -6000 272 0
w -6016 272 -6016 208 0
w -6016 208 -6000 208 0
w -5888 208 -5872 208 0
w -5632 208 -5632 272 0
w -5632 272 -5616 272 0
w -5632 272 -5632 320 0
w -5760 320 -5760 272 0
w -5760 272 -5744 272 0
w -5760 272 -5760 208 0
w -5760 208 -5744 208 0
w -5632 208 -5616 208 0
w -5376 208 -5376 272 0
w -5376 272 -5360 272 0
w -5376 272 -5376 320 0
w -5504 320 -5504 272 0
w -5504 272 -5488 272 0
w -5504 272 -5504 208 0
w -5504 208 -5488 208 0
w -5376 208 -5360 208 0
w -5120 208 -5120 272 0
w -5120 272 -5104 272 0
w -5120 272 -5120 320 0
w -5248 320 -5248 272 0
w -5248 272 -5232 272 0
w -5248 272 -5248 208 0
w -5248 208 -5232 208 0
w -5120 208 -5104 208 0
w -4864 208 -4864 272 0
w -4864 272 -4848 272 0
w -4864 272 -4864 320 0
w -4992 320 -4992 272 0
w -4992 272 -4976 272 0
w -4992 272 -4992 208 0
w -4992 208 -4976 208 0
w -4864 208 -4848 208 0
w -4608 208 -4608 272 0
w -4608 272 -4592 272 0
w -4608 272 -4608 320 0
w -4736 320 -4736 272 0
w -4736 272 -4720 272 0
w -4736 272 -4736 208 0
w -4736 208 -4720 208 0
w -4608 208 -4592 208 0
w -4352 208 -4352 272 0
w -4352 272 -4336 272 0
w -4352 272 -4352 320 0
w -4480 320 -4480 272 0
w -4480 272 -4464 272 0
w -4480 272 -4480 208 0
w -4480 208 -4464 208 0
w -4352 208 -4336 208 0
w -4096 208 -4096 272 0
w -4096 272 -4080 272 0
w -4096 272 -4096 320 0
w -4224 320 -4224 272 0
w -4224 272 -4208 272 0
w -4224 272 -4224 208 0
w -4224 208 -4208 208 0
w -4096 208 -4080 208 0
w -3840 208 -3840 272 0
w -3840 272 -3824 272 0
w -3840 272 -3840 320 0
w -3968 320 -3968 272 0
w -3968 272 -3952 272 0
w -3968 272 -3968 208 0
w -3968 208 -3952 208 0
w -3840 208 -3824 208 0
w -3584 208 -3584 272 0
w -3584 272 -3568 272 0
w -3584 272 -3584 320 0
w -3712 320 -3712 272 0
w -3712 272 -3696 272 0
w -3712 272 -3712 208 0
w -3712 208 -3696 208 0
w -3584 208 -3568 208 0
w -3328 208 -3328 272 0
w -3328 272 -3312 272 0
w -3328 272 -3328 320 0
w -3456 320 -3456 272 0
w -3456 272 -3440 272 0
w -3456 272 -3456 208 0
w -3456 208 -3440 208 0
w -3328 208 -3312 208 0
w -3072 208 -3072 272 0
w -3072 272 -3056 272 0
w -3072 272 -3072 320 0
w -3200 320 -3200 272 0
w -3200 272 -3184 272 0
w -3200 272 -3200 208 0
w -3200 208 -3184 208 0
w -3072 208 -3056 208 0
w -2816 208 -2816 272 0
w -2816 272 -2800 272 0
w -2816 272 -2816 320 0
w -2944 320 -2944 272 0
w -2944 272 -2928 272 0
w -2944 272 -2944 208 0
w -2944 208 -2928 208 0
w -2816 208 -2800 208 0
w -2560 208 -2560 272 0
w -2560 272 -2544 272 0
w -2560 272 -2560 320 0
w -2688 320 -2688 272 0
w -2688 272 -2672 272 0
w -2688 272 -2688 208 0
w -2688 208 -2672 208 0
w -2560 208 -2544 208 0
w -2304 208 -2304 272 0
w -2304 272 -2288 272 0
w -2304 272 -2304 320 0
w -2432 320 -2432 272 0
w -2432 272 -2416 272 0
w -2432 272 -2432 208 0
w -2432 208 -2416 208 0
w -2304 208 -2288 208 0
w -2048 208 -2048 272 0
w -2048 272 -2032 272 0
w -2048 272 -2048 320 0
w -2176 320 -2176 272 0
w -2176 272 -2160 272 0
w -2176 272 -2176 208 0
w -2176 208 -2160 208 0
w -2048 208 -2032 208 0
w -1792 208 -1792 272 0
w -1792 272 -1776 272 0
w -1792 272 -1792 320 0
w -1920 320 -1920 272 0
w -1920 272 -1904 272 0
w -1920 272 -1920 208 0
w -1920 208 -1904 208 0
w -1792 208 -1776 208 0
w -1536 208 -1536 272 0
w -1536 272 -1520 272 0
w -1536 272 -1536 320 0
w -1664 320 -1664 272 0
w -1664 272 -1648 272 0
w -1664 272 -1664 208 0
w -1664 208 -1648 208 0
w -1536 208 -1520 208 0
w -1280 208 -1280 272 0
w -1280 272 -1264 272 0
w -1280 272 -1280 320 0
w -1408 320 -1408 272 0
w -1408 272 -1392 272 0
w -1408 272 -1408 208 0
w -1408 208 -1392 208 0
w -1280 208 -1264 208 0
w -1024 208 -1024 272 0
w -1024 272 -1008 272 0
w -1024 272 -1024 320 0
w -1152 320 -1152 272 0
w -1152 272 -1136 272 0
w -1152 272 -1152 208 0
w -1152 208 -1136 208 0
w -1024 208 -1008 208 0
w -768 208 -768 272 0
w -768 272 -752 272 0
w -768 272 -768 320 0
w -896 320 -896 272 0
w -896 272 -880 272 0
w -896 272 -896 208 0
w -896 208 -880 208 0
w -768 208 -752 208 0
w -512 208 -512 272 0
w -512 272 -496 272 0
w -512 272 -512 320 0
w -640 320 -640 272 0
w -640 272 -624 272 0
w -640 272 -640 208 0
w -640 208 -624 208 0
w -512 208 -496 208 0
w -256 208 -256 272 0
w -256 272 -240 272 0
w -256 272 -256 320 0
w -384 320 -384 272 0
w -384 272 -368 272 0
w -384 272 -384 208 0
w -384 208 -368 208 0
w -256 208 -240 208 0
w 0 208 0 272 0
w 0 272 16 272 0
w 0 272 0 320 0
w -128 320 -128 272 0
w -128 272 -112 272 0
w -128 272 -128 208 0
w -128 208 -112 208 0
w 0 208 16 208 0
w 256 208 256 272 0
w 256 272 272 272 0
w 256 272 256 320 0
w 128 320 128 272 0
w 128 272 144 272 0
w 128 272 128 208 0
w 128 208 144 208 0
w 256 208 272 208 0
w 512 208 512 272 0
w 512 272 528 272 0
w 512 272 512 320 0
w 384 320 384 272 0
w 384 272 400 272 0
w 384 272 384 208 0
w 384 208 400 208 0
w 512 208 528 208 0
w -28288 320 -28160 320 0
w -28160 320 -28032 320 0
w -28032 320 -27904 320 0
w -27904 320 -27776 320 0
w -27776 320 -27648 320 0
w -27648 320 -27520 320 0
w -27520 320 -27392 320 0
w -27392 320 -27264 320 0
w -27264 320 -27136 320 0
w -27136 320 -27008 320 0
w -27008 320 -26880 320 0
w -26880 320 -26752 320 0
w -26752 320 -26624 320 0
w -26624 320 -26496 320 0
w -26496 320 -26368 320 0
w -26368 320 -26240 320 0
w -26240 320 -26112 320 0
w -26112 320 -25984 320 0
w -25984 320 -25856 320 0
w -25856 320 -25728 320 0
w -25728 320 -25600 320 0
w -25600 320 -25472 320 0
w -25472 320 -25344 320 0
w -25344 320 -25216 320 0
w -25216 320 -25088 320 0
w -25088 320 -24960 320 0
w -24960 320 -24832 320 0
w -24832 320 -24704 320 0
w -24704 320 -24576 320 0
w -24576 320 -24448 320 0
w -24448 320 -24320 320 0
w -24320 320 -24192 320 0
w -24192 320 -24064 320 0
w -24064 320 -23936 320 0
w -23936 320 -23808 320 0
w -23808 320 -23680 320 0
w -23680 320 -23552 320 0
w -23552 320 -23424 320 0
w -23424 320 -23296 320 0
w -23296 320 -23168 320 0
w -23168 320 -23040 320 0
w -23040 320 -22912 320 0
w -22912 320 -22784 320 0
w -22784 320 -22656 320 0
w -22656 320 -22528 320 0
w -22528 320 -22400 320 0
w -22400 320 -22272 320 0
w -22272 320 -22144 320 0
w -22144 320 -22016 320 0
w -22016 320 -21888 320 0
w -21888 320 -21760 320 0
w -21760 320 -21632 320 0
w -21632 320 -21504 320 0
w -21504 320 -21376 320 0
w -21376 320 -21248 320 0
w -21248 320 -21120 320 0
w -21120 320 -20992 320 0
w -20992 320 -20864 320 0
w -20864 320 -20736 320 0
w -20736 320 -20608 320 0
w -20608 320 -20480 320 0
w -20480 320 -20352 320 0
w -20352 320 -20224 320 0
w -20224 320 -20096 320 0
w -20096 320 -19968 320 0
w -19968 320 -19840 320 0
w -19840 320 -19712 320 0
w -19712 320 -19584 320 0
w -19584 320 -19456 320 0
w -19456 320 -19328 320 0
w -19328 320 -19200 320 0
w -19200 320 -19072 320 0
w -19072 320 -18944 320 0
w -18944 320 -18816 320 0
w -18816 320 -18688 320 0
w -18688 320 -18560 320 0
w -18560 320 -18432 320 0
w -18432 320 -18304 320 0
w -18304 320 -18176 320 0
w -18176 320 -18048 320 0
w -18048 320 -17920 320 0
w -17920 320 -17792 320 0
w -17792 320 -17664 320 0
w -17664 320 -17536 320 0
w -17536 320 -17408 320 0
w -17408 320 -17280 320 0
w -17280 320 -17152 320 0
w -17152 320 -17024 320 0
w -17024 320 -16896 320 0
w -16896 320 -16768 320 0
w -16768 320 -16640 320 0
w -16640 320 -16512 320 0
w -16512 320 -16384 320 0
w -16384 320 -16256 320 0
w -16256 320 -16128 320 0
w -16128 320 -16000 320 0
w -16000 320 -15872 320 0
w -15872 320 -15744 320 0
w -15744 320 -15616 320 0
w -15616 320 -15488 320 0
w -15488 320 -15360 320 0
w -15360 320 -15232 320 0
w -15232 320 -15104 320 0
w -15104 320 -14976 320 0
w -14976 320 -14848 320 0
w -14848 320 -14720 320 0
w -14720 320 -14592 320 0
w -14592 320 -14464 320 0
w -14464 320 -14336 320 0
w -14336 320 -14208 320 0
w -14208 320 -14080 320 0
w -14080 320 -13952 320 0
w -13952 320 -13824 320 0
w -13824 320 -13696 320 0
w -13696 320 -13568 320 0
w -13568 320 -13440 320 0
w -13440 320 -13312 320 0
w -13312 320 -13184 320 0
w -13184 320 -13056 320 0
w -13056 320 -12928 320 0
w -12928 320 -12800 320 0
w -12800 320 -12672 320 0
w -12672 320 -12544 320 0
w -12544 320 -12416 320 0
w -12416 320 -12288 320 0
w -12288 320 -12160 320 0
w -12160 320 -12032 320 0
w -12032 320 -11904 320 0
w -11904 320 -11776 320 0
w -11776 320 -11648 320 0
w -11648 320 -11520 320 0
w -11520 320 -11392 320 0
w -11392 320 -11264 320 0
w -11264 320 -11136 320 0
w -11136 320 -11008 320 0
w -11008 320 -10880 320 0
w -10880 320 -10752 320 0
w -10752 320 -10624 320 0
w -10624 320 -10496 320 0
w -10496 320 -10368 320 0
w -10368 320 -10240 320 0
w -10240 320 -10112 320 0
w -10112 320 -9984 320 0
w -9984 320 -9856 320 0
w -9856 320 -9728 320 0
w -9728 320 -9600 320 0
w -9600 320 -9472 320 0
w -9472 320 -9344 320 0
w -9344 320 -9216 320 0
w -9216 320 -9088 320 0
w -9088 320 -8960 320 0
w -8960 320 -8832 320 0
w -8832 320 -8704 320 0
w -8704 320 -8576 320 0
w -8576 320 -8448 320 0
w -8448 320 -8320 320 0
w -8320 320 -8192 320 0
w -8192 320 -8064 320 0
w -8064 320 -7936 320 0
w -7936 320 -7808 320 0
w -7808 320 -7680 320 0
w -7680 320 -7552 320 0
w -7552 320 -7424 320 0
w -7424 320 -7296 320 0
w -7296 320 -7168 320 0
w -7168 320 -7040 320 0
w -7040 320 -6912 320 0
w -6912 320 -6784 320 0
w -6784 320 -6656 320 0
w -6656 320 -6528 320 0
w -6528 320 -6400 320 0
w -6400 320 -6272 320 0
w -6272 320 -6144 320 0
w -6144 320 -6016 320 0
w -6016 320 -5888 320 0
w -5888 320 -5760 320 0
w -5760 320 -5632 320 0
w -5632 320 -5504 320 0
w -5504 320 -5376 320 0
w -5376 320 -5248 320 0
w -5248 320 -5120 320 0
w -5120 320 -4992 320 0
w -4992 320 -4864 320 0
w -4864 320 -4736 320 0
w -4736 320 -4608 320 0
w -4608 320 -4480 320 0
w -4480 320 -4352 320 0
w -4352 320 -4224 320 0
w -4224 320 -4096 320 0
w -4096 320 -3968 320 0
w -3968 320 -3840 320 0
w -3840 320 -3712 320 0
w -3712 320 -3584 320 0
w -3584 320 -3456 320 0
w -3456 320 -3328 320 0
w -3328 320 -3200 320 0
w -3200 320 -3072 320 0
w -3072 320 -2944 320 0
w -2944 320 -2816 320 0
w -2816 320 -2688 320 0
w -2688 320 -2560 320 0
w -2560 320 -2432 320 0
w -2432 320 -2304 320 0
w -2304 320 -2176 320 0
w -2176 320 -2048 320 0
w -2048 320 -1920 320 0
w -1920 320 -1792 320 0
w -1792 320 -1664 320 0
w -1664 320 -1536 320 0
w -1536 320 -1408 320 0
w -1408 320 -1280 320 0
w -1280 320 -1152 320 0
w -1152 320 -1024 320 0
w -1024 320 -896 320 0
w -896 320 -768 320 0
w -768 320 -640 320 0
w -640 320 -512 320 0
w -512 320 -384 320 0
w -384 320 -256 320 0
w -256 320 -128 320 0
w -128 320 0 320 0
w 0 320 128 320 0
w 128 320 256 320 0
w 256 320 384 320 0
w 384 320 512 320 0
R -28272 240 -28320 240 1 2 200.0 2.5 2.5
R -28288 320 -28336 320 0 0 40.0 5.0 0.0
w -28176 208 -28176 -7024 0
M -28176 -7024 656 -7024 2
w -28048 208 -28048 -6992 0
M -28048 -6992 656 -6992 2
w -27920 208 -27920 -6960 0
M -27920 -6960 656 -6960 2
w -27792 208 -27792 -6928 0
M -27792 -6928 656 -6928 2
w -27664 208 -27664 -6896 0
M -27664 -6896 656 -6896 2
w -27536 208 -27536 -6864 0
M -27536 -6864 656 -6864 2
w -27408 208 -27408 -6832 0
M -27408 -6832 656 -6832 2
w -27280 208 -27280 -6800 0
M -27280 -6800 656 -6800 2
w -27152 208 -27152 -6768 0
M -27152 -6768 656 -6768 2
w -27024 208 -27024 -6736 0
M -27024 -6736 656 -6736 2
w -26896 208 -26896 -6704 0
M -26896 -6704 656 -6704 2
w -26768 208 -26768 -6672 0
M -26768 -6672 656 -6672 2
w -26640 208 -26640 -6640 0
M -26640 -6640 656 -6640 2
w -26512 208 -26512 -6608 0
M -26512 -6608 656 -6608 2
w -26384 208 -26384 -6576 0
M -26384 -6576 656 -6576 2
w -26256 208 -26256 -6544 0
M -26256 -6544 656 -6544 2
w -26128 208 -26128 -6512 0
M -26128 -6512 656 -6512 2
w -26000 208 -26000 -6480 0
M -26000 -6480 656 -6480 2
w -25872 208 -25872 -6448 0
M -25872 -6448 656 -6448 2
w -25744 208 -25744 -6416 0
M -25744 -6416 656 -6416 2
w -25616 208 -25616 -6384 0
M -25616 -6384 656 -6384 2
w -25488 208 -25488 -6352 0
M -25488 -6352 656 -6352 2
w -25360 208 -25360 -6320 0
M -25360 -6320 656 -6320 2
w -25232 208 -25232 -6288 0
M -25232 -6288 656 -6288 2
w -25104 208 -25104 -6256 0
M -25104 -6256 656 -6256 2
w -24976 208 -24976 -6224 0
M -24976 -6224 656 -6224 2
w -24848 208 -24848 -6192 0
M -24848 -6192 656 -6192 2
w -24720 208 -24720 -6160 0
M -24720 -6160 656 -6160 2
w -24592 208 -24592 -6128 0
M -24592 -6128 656 -6128 2
w -24464 208 -24464 -6096 0
M -24464 -6096 656 -6096 2
w -24336 208 -24336 -6064 0
M -24336 -6064 656 -6064 2
w -24208 208 -24208 -6032 0
M -24208 -6032 656 -6032 2
w -24080 208 -24080 -6000 0
M -24080 -6000 656 -6000 2
w -23952 208 -23952 -5968 0
M -23952 -5968 656 -5968 2
w -23824 208 -23824 -5936 0
M -23824 -5936 656 -5936 2
w -23696 208 -23696 -5904 0
M -23696 -5904 656 -5904 2
w -23568 208 -23568 -5872 0
M -23568 -5872 656 -5872 2
w -23440 208 -23440 -5840 0
M -23440 -5840 656 -5840 2
w -23312 208 -23312 -5808 0
M -23312 -5808 656 -5808 2
w -23184 208 -23184 -5776 0
M -23184 -5776 656 -5776 2
w -23056 208 -23056 -5744 0
M -23056 -5744 656 -5744 2
w -22928 208 -22928 -5712 0
M -22928 -5712 656 -5712 2
w -22800 208 -22800 -5680 0
M -22800 -5680 656 -5680 2
w -22672 208 -22672 -5648 0
M -22672 -5648 656 -5648 2
w -22544 208 -22544 -5616 0
M -22544 -5616 656 -5616 2
w -22416 208 -22416 -5584 0
M -22416 -5584 656 -5584 2
w -22288 208 -22288 -5552 0
M -22288 -5552 656 -5552 2
w -22160 208 -22160 -5520 0
M -22160 -5520 656 -5520 2
w -22032 208 -22032 -5488 0
M -22032 -5488 656 -5488 2
w -21904 208 -21904 -5456 0
M -21904 -5456 656 -5456 2
w -21776 208 -21776 -5424 0
M -21776 -5424 656 -5424 2
w -21648 208 -21648 -5392 0
M -21648 -5392 656 -5392 2
w -21520 208 -21520 -5360 0
M -21520 -5360 656 -5360 2
w -21392 208 -21392 -5328 0
M -21392 -5328 656 -5328 2
w -21264 208 -21264 -5296 0
M -21264 -5296 656 -5296 2
w -21136 208 -21136 -5264 0
M -21136 -5264 656 -5264 2
w -21008 208 -21008 -5232 0
M -21008 -5232 656 -5232 2
w -20880 208 -20880 -5200 0
M -20880 -5200 656 -5200 2
w -20752 208 -20752 -5168 0
M -20752 -5168 656 -5168 2
w -20624 208 -20624 -5136 0
M -20624 -5136 656 -5136 2
w -20496 208 -20496 -5104 0
M -20496 -5104 656 -5104 2
w -20368 208 -20368 -5072 0
M -20368 -5072 656 -5072 2
w -20240 208 -20240 -5040 0
M -20240 -5040 656 -5040 2
w -20112 208 -20112 -5008 0
M -20112 -5008 656 -5008 2
w -19984 208 -19984 -4976 0
M -19984 -4976 656 -4976 2
w -19856 208 -19856 -4944 0
M -19856 -4944 656 -4944 2
w -19728 208 -19728 -4912 0
M -19728 -4912 656 -4912 2
w -19600 208 -19600 -4880 0
M -19600 -4880 656 -4880 2
w -19472 208 -19472 -4848 0
M -19472 -4848 656 -4848 2
w -19344 208 -19344 -4816 0
M -19344 -4816 656 -4816 2
w -19216 208 -19216 -4784 0
M -19216 -4784 656 -4784 2
w -19088 208 -19088 -4752 0
M -19088 -4752 656 -4752 2
w -18960 208 -18960 -4720 0
M -18960 -4720 656 -4720 2
w -18832 208 -18832 -4688 0
M -18832 -4688 656 -4688 2
w -18704 208 -18704 -4656 0
M -18704 -4656 656 -4656 2
w -18576 208 -18576 -4624 0
M -18576 -4624 656 -4624 2
w -18448 208 -18448 -4592 0
M -18448 -4592 656 -4592 2
w -18320 208 -18320 -4560 0
M -18320 -4560 656 -4560 2
w -18192 208 -18192 -4528 0
M -18192 -4528 656 -4528 2
w -18064 208 -18064 -4496 0
M -18064 -4496 656 -4496 2
w -17936 208 -17936 -4464 0
M -17936 -4464 656 -4464 2
w -17808 208 -17808 -4432 0
M -17808 -4432 656 -4432 2
w -17680 208 -17680 -4400 0
M -17680 -4400 656 -4400 2
w -17552 208 -17552 -4368 0
M -17552 -4368 656 -4368 2
w -17424 208 -17424 -4336 0
M -17424 -4336 656 -4336 2
w -17296 208 -17296 -4304 0
M -17296 -4304 656 -4304 2
w -17168 208 -17168 -4272 0
M -17168 -4272 656 -4272 2
w -17040 208 -17040 -4240 0
M -17040 -4240 656 -4240 2
w -16912 208 -16912 -4208 0
M -16912 -4208 656 -4208 2
w -16784 208 -16784 -4176 0
M -16784 -4176 656 -4176 2
w -16656 208 -16656 -4144 0
M -16656 -4144 656 -4144 2
w -16528 208 -16528 -4112 0
M -16528 -4112 656 -4112 2
w -16400 208 -16400 -4080 0
M -16400 -4080 656 -4080 2
w -16272 208 -16272 -4048 0
M -16272 -4048 656 -4048 2
w -16144 208 -16144 -4016 0
M -16144 -4016 656 -4016 2
w -16016 208 -16016 -3984 0
M -16016 -3984 656 -3984 2
w -15888 208 -15888 -3952 0
M -15888 -3952 656 -3952 2
w -15760 208 -15760 -3920 0
M -15760 -3920 656 -3920 2
w -15632 208 -15632 -3888 0
M -15632 -3888 656 -3888 2
w -15504 208 -15504 -3856 0
M -15504 -3856 656 -3856 2
w -15376 208 -15376 -3824 0
M -15376 -3824 656 -3824 2
w -15248 208 -15248 -3792 0
M -15248 -3792 656 -3792 2
w -15120 208 -15120 -3760 0
M -15120 -3760 656 -3760 2
w -14992 208 -14992 -3728 0
M -14992 -3728 656 -3728 2
w -14864 208 -14864 -3696 0
M -14864 -3696 656 -3696 2
w -14736 208 -14736 -3664 0
M -14736 -3664 656 -3664 2
w -14608 208 -14608 -3632 0
M -14608 -3632 656 -3632 2
w -14480 208 -14480 -3600 0
M -14480 -3600 656 -3600 2
w -14352 208 -14352 -3568 0
M -14352 -3568 656 -3568 2
w -14224 208 -14224 -3536 0
M -14224 -3536 656 -3536 2
w -14096 208 -14096 -3504 0
M -14096 -3504 656 -3504 2
w -13968 208 -13968 -3472 0
M -13968 -3472 656 -3472 2
w -13840 208 -13840 -3440 0
M -13840 -3440 656 -3440 2
w -13712 208 -13712 -3408 0
M -13712 -3408 656 -3408 2
w -13584 208 -13584 -3376 0
M -13584 -3376 656 -3376 2
w -13456 208 -13456 -3344 0
M -13456 -3344 656 -3344 2
w -13328 208 -13328 -3312 0
M -13328 -3312 656 -3312 2
w -13200 208 -13200 -3280 0
M -13200 -3280 656 -3280 2
w -13072 208 -13072 -3248 0
M -13072 -3248 656 -3248 2
w -12944 208 -12944 -3216 0
M -12944 -3216 656 -3216 2
w -12816 208 -12816 -3184 0
M -12816 -3184 656 -3184 2
w -12688 208 -12688 -3152 0
M -12688 -3152 656 -3152 2
w -12560 208 -12560 -3120 0
M -12560 -3120 656 -3120 2
w -12432 208 -12432 -3088 0
M -12432 -3088 656 -3088 2
w -12304 208 -12304 -3056 0
M -12304 -3056 656 -3056 2
w -12176 208 -12176 -3024 0
M -12176 -3024 656 -3024 2
w -12048 208 -12048 -2992 0
M -12048 -2992 656 -2992 2
w -11920 208 -11920 -2960 0
M -11920 -2960 656 -2960 2
w -11792 208 -11792 -2928 0
M -11792 -2928 656 -2928 2
w -11664 208 -11664 -2896 0
M -11664 -2896 656 -2896 2
w -11536 208 -11536 -2864 0
M -11536 -2864 656 -2864 2
w -11408 208 -11408 -2832 0
M -11408 -2832 656 -2832 2
w -11280 208 -11280 -2800 0
M -11280 -2800 656 -2800 2
w -11152 208 -11152 -2768 0
M -11152 -2768 656 -2768 2
w -11024 208 -11024 -2736 0
M -11024 -2736 656 -2736 2
w -10896 208 -10896 -2704 0
M -10896 -2704 656 -2704 2
w -10768 208 -10768 -2672 0
M -10768 -2672 656 -2672 2
w -10640 208 -10640 -2640 0
M -10640 -2640 656 -2640 2
w -10512 208 -10512 -2608 0
M -10512 -2608 656 -2608 2
w -10384 208 -10384 -2576 0
M -10384 -2576 656 -2576 2
w -10256 208 -10256 -2544 0
M -10256 -2544 656 -2544 2
w -10128 208 -10128 -2512 0
M -10128 -2512 656 -2512 2
w -10000 208 -10000 -2480 0
M -10000 -2480 656 -2480 2
w -9872 208 -9872 -2448 0
M -9872 -2448 656 -2448 2
w -9744 208 -9744 -2416 0
M -9744 -2416 656 -2416 2
w -9616 208 -9616 -2384 0
M -9616 -2384 656 -2384 2
w -9488 208 -9488 -2352 0
M -9488 -2352 656 -2352 2
w -9360 208 -9360 -2320 0
M -9360 -2320 656 -2320 2
w -9232 208 -9232 -2288 0
M -9232 -2288 656 -2288 2
w -9104 208 -9104 -2256 0
M -9104 -2256 656 -2256 2
w -8976 208 -8976 -2224 0
M -8976 -2224 656 -2224 2
w -8848 208 -8848 -2192 0
M -8848 -2192 656 -2192 2
w -8720 208 -8720 -2160 0
M -8720 -2160 656 -2160 2
w -8592 208 -8592 -2128 0
M -8592 -2128 656 -2128 2
w -8464 208 -8464 -2096 0
M -8464 -2096 656 -2096 2
w -8336 208 -8336 -2064 0
M -8336 -2064 656 -2064 2
w -8208 208 -8208 -2032 0
M -8208 -2032 656 -2032 2
w -8080 208 -8080 -2000 0
M -8080 -2000 656 -2000 2
w -7952 208 -7952 -1968 0
M -7952 -1968 656 -1968 2
w -7824 208 -7824 -1936 0
M -7824 -1936 656 -1936 2
w -7696 208 -7696 -1904 0
M -7696 -1904 656 -1904 2
w -7568 208 -7568 -1872 0
M -7568 -1872 656 -1872 2
w -7440 208 -7440 -1840 0
M -7440 -1840 656 -1840 2
w -7312 208 -7312 -1808 0
M -7312 -1808 656 -1808 2
w -7184 208 -7184 -1776 0
M -7184 -1776 656 -1776 2
w -7056 208 -7056 -1744 0
M -7056 -1744 656 -1744 2
w -6928 208 -6928 -1712 0
M -6928 -1712 656 -1712 2
w -6800 208 -6800 -1680 0
M -6800 -1680 656 -1680 2
w -6672 208 -6672 -1648 0
M -6672 -1648 656 -1648 2
w -6544 208 -6544 -1616 0
M -6544 -1616 656 -1616 2
w -6416 208 -6416 -1584 0
M -6416 -1584 656 -1584 2
w -6288 208 -6288 -1552 0
M -6288 -1552 656 -1552 2
w -6160 208 -6160 -1520 0
M -6160 -1520 656 -1520 2
w -6032 208 -6032 -1488 0
M -6032 -1488 656 -1488 2
w -5904 208 -5904 -1456 0
M -5904 -1456 656 -1456 2
w -5776 208 -5776 -1424 0
M -5776 -1424 656 -1424 2
w -5648 208 -5648 -1392 0
M -5648 -1392 656 -1392 2
w -5520 208 -5520 -1360 0
M -5520 -1360 656 -1360 2
w -5392 208 -5392 -1328 0
M -5392 -1328 656 -1328 2
w -5264 208 -5264 -1296 0
M -5264 -1296 656 -1296 2
w -5136 208 -5136 -1264 0
M -5136 -1264 656 -1264 2
w -5008 208 -5008 -1232 0
M -5008 -1232 656 -1232 2
w -4880 208 -4880 -1200 0
M -4880 -1200 656 -1200 2
w -4752 208 -4752 -1168 0
M -4752 -1168 656 -1168 2
w -4624 208 -4624 -1136 0
M -4624 -1136 656 -1136 2
w -4496 208 -4496 -1104 0
M -4496 -1104 656 -1104 2
w -4368 208 -4368 -1072 0
M -4368 -1072 656 -1072 2
w -4240 208 -4240 -1040 0
M -4240 -1040 656 -1040 2
w -4112 208 -4112 -1008 0
M -4112 -1008 656 -1008 2
w -3984 208 -3984 -976 0
M -3984 -976 656 -976 2
w -3856 208 -3856 -944 0
M -3856 -944 656 -944 2
w -3728 208 -3728 -912 0
M -3728 -912 656 -912 2
w -3600 208 -3600 -880 0
M -3600 -880 656 -880 2
w -3472 208 -3472 -848 0
M -3472 -848 656 -848 2
w -3344 208 -3344 -816 0
M -3344 -816 656 -816 2
w -3216 208 -3216 -784 0
M -3216 -784 656 -784 2
w -3088 208 -3088 -752 0
M -3088 -752 656 -752 2
w -2960 208 -2960 -720 0
M -2960 -720 656 -720 2
w -2832 208 -2832 -688 0
M -2832 -688 656 -688 2
w -2704 208 -2704 -656 0
M -2704 -656 656 -656 2
w -2576 208 -2576 -624 0
M -2576 -624 656 -624 2
w -2448 208 -2448 -592 0
M -2448 -592 656 -592 2
w -2320 208 -2320 -560 0
M -2320 -560 656 -560 2
w -2192 208 -2192 -528 0
M -2192 -528 656 -528 2
w -2064 208 -2064 -496 0
M -2064 -496 656 -496 2
w -1936 208 -1936 -464 0
M -1936 -464 656 -464 2
w -1808 208 -1808 -432 0
M -1808 -432 656 -432 2
w -1680 208 -1680 -400 0
M -1680 -400 656 -400 2
w -1552 208 -1552 -368 0
M -1552 -368 656 -368 2
w -1424 208 -1424 -336 0
M -1424 -336 656 -336 2
w -1296 208 -1296 -304 0
M -1296 -304 656 -304 2
w -1168 208 -1168 -272 0
M -1168 -272 656 -272 2
w -1040 208 -1040 -240 0
M -1040 -240 656 -240 2
w -912 208 -912 -208 0
M -912 -208 656 -208 2
w -784 208 -784 -176 0
M -784 -176 656 -176 2
w -656 208 -656 -144 0
M -656 -144 656 -144 2
w -528 208 -528 -112 0
M -528 -112 656 -112 2
w -400 208 -400 -80 0
M -400 -80 656 -80 2
w -272 208 -272 -48 0
M -272 -48 656 -48 2
w -144 208 -144 -16 0
M -144 -16 656 -16 2
w -16 208 -16 16 0
M -16 16 656 16 2
w 112 208 112 48 0
M 112 48 656 48 2
w 240 208 240 80 0
M 240 80 656 80 2
w 368 208 368 112 0
M 368 112 656 112 2
w 496 208 496 144 0
M 496 144 656 144 2
w 624 208 624 176 0
M 624 176 656 176 2
o 0 64 0 6 5.0 9.765625E-5 0
o 1 64 0 6 5.0 9.765625E-5 0
o 2 64 0 6 5.0 9.765625E-5 0
o 3 64 0 6 5.0 9.765625E-5 0
o 4 64 0 6 5.0 9.765625E-5 0
o 5 64 0 6 5.0 9.765625E-5 0
o 6 64 0 6 5.0 9.765625E-5 0
o 7 64 0 6 5.0 9.765625E-5 0
o 8 64 0 6 5.0 9.765625E-5 0
o 9 64 0 6 5.0 9.765625E-5 0
o 10 64 0 6 5.0 9.765625E-5 0
o 11 64 0 6 5.0 9.765625E-5 0
o 12 64 0 6 5.0 9.765625E-5 0
o 13 64 0 6 5.0 9.765625E-5 0
o 14 64 0 6 5.0 9.765625E-5 0
o 15 64 0 6 5.0 9.765625E-5 0
o 16 64 0 6 5.0 9.765625E-5 0
o 17 64 0 6 5.0 9.765625E-5 0
o 18 64 0 6 5.0 9.765625E-5 0
o 19 64 0 6 5.0 9.765625E-5 0
o 20 64 0 6 5.0 9.765625E-5 0
o 21 64 0 6 5.0 9.765625E-5 0
o 22 64 0 6 5.0 9.765625E-5 0
o 23 64 0 6 5.0 9.765625E-5 0
o 24 64 0 6 5.0 9.765625E-5 0
o 25 64 0 6 5.0 9.765625E-5 0
o 26 64 0 6 5.0 9.765625E-5 0
o 27 64 0 6 5.0 9.765625E-5 0
o 28 64 0 6 5.0 9.765625E-5 0
o 29 64 0 6 5.0 9.765625E-5 0
o 30 64 0 6 5.0 9.765625E-5 0
o 31 64 0 6 5.0 9.765625E-5 0
o 32 64 0 6 5.0 9.765625E-5 0
o 33 64 0 6 5.0 9.765625E-5 0
o 34 64 0 6 5.0 9.765625E-5 0
o 35 64 0 6 5.0 9.765625E-5 0
o 36 64 0 6 5.0 9.765625E-5 0
o 37 64 0 6 5.0 9.765625E-5 0
o 38 64 0 6 5.0 9.765625E-5 0
o 39 64 0 6 5.0 9.765625E-5 0
o 40 64 0 6 5.0 9.765625E-5 0
o 41 64 0 6 5.0 9.765625E-5 0
o 42 64 0 6 5.0 9.765625E-5 0
o 43 64 0 6 5.0 9.765625E-5 0
o 44 64 0 6 5.0 9.765625E-5 0
o 45 64 0 6 5.0 9.765625E-5 0
o 46 64 0 6 5.0 9.765625E-5 0
o 47 64 0 6 5.0 9.765625E-5 0
o 48 64 0 6 5.0 9.765625E-5 0
o 49 64 0 6 5.0 9.765625E-5 0
o 50 64 0 6 5.0 9.765625E-5 0
o 51 64 0 6 5.0 9.765625E-5 0
o 52 64 0 6 5.0 9.765625E-5 0
o 53 64 0 6 5.0 9.765625E-5 0
o 54 64 0 6 5.0 9.765625E-5 0
o 55 64 0 6 5.0 9.765625E-5 0
o 56 64 0 6 5.0 9.765625E-5 0
o 57 64 0 6 5.0 9.765625E-5 0
o 58 64 0 6 5.0 9.765625E-5 0
o 59 64 0 6 5.0 9.765625E-5 0
o 60 64 0 6 5.0 9.765625E-5 0
o 61 64 0 6 5.0 9.765625E-5 0
o 62 64 0 6 5.0 9.765625E-5 0
o 63 64 0 6 5.0 9.765625E-5 0
o 64 64 0 6 5.0 9.765625E-5 0
o 65 64 0 6 5.0 9.765625E-5 0
o 66 64 0 6 5.0 9.765625E-5 0
o 67 64 0 6 5.0 9.765625E-5 0
o 68 64 0 6 5.0 9.765625E-5 0
o 69 64 0 6 5.0 9.765625E-5 0
o 70 64 0 6 5.0 9.765625E-5 0
o 71 64 0 6 5.0 9.765625E-5 0
o 72 64 0 6 5.0 9.765625E-5 0
o 73 64 0 6 5.0 9.765625E-5 0
o 74 64 0 6 5.0 9.765625E-5 0
o 75 64 0 6 5.0 9.765625E-5 0
o 76 64 0 6 5.0 9.765625E-5 0
o 77 64 0 6 5.0 9.765625E-5 0
o 78 64 0 6 5.0 9.765625E-5 0
o 79 64 0 6 5.0 9.765625E-5 0
o 80 64 0 6 5.0 9.765625E-5 0
o 81 64 0 6 5.0 9.765625E-5 0
o 82 64 0 6 5.0 9.765625E-5 0
o 83 64 0 6 5.0 9.765625E-5 0
o 84 64 0 6 5.0 9.765625E-5 0
o 85 64 0 6 5.0 9.765625E-5 0
o 86 64 0 6 5.0 9.765625E-5 0
o 87 64 0 6 5.0 9.765625E-5 0
o 88 64 0 6 5.0 9.765625E-5 0
o 89 64 0 6 5.0 9.765625E-5 0
o 90 64 0 6 5.0 9.765625E-5 0
o 91 64 0 6 5.0 9.765625E-5 0
o 92 64 0 6 5.0 9.765625E-5 0
o 93 64 0 6 5.0 9.765625E-5 0
o 94 64 0 6 5.0 9.765625E-5 0
o 95 64 0 6 5.0 9.765625E-5 0
o 96 64 0 6 5.0 9.765625E-5 0
o 97 64 0 6 5.0 9.765625E-5 0
o 98 64 0 6 5.0 9.765625E-5 0
o 99 64 0 6 5.0 9.765625E-5 0
o 100 64 0 6 5.0 9.765625E-5 0
o 101 64 0 6 5.0 9.765625E-5 0
o 102 64 0 6 5.0 9.765625E-5 0
o 103 64 0 6 5.0 9.765625E-5 0
o 104 64 0 6 5.0 9.765625E-5 0
o 105 64 0 6 5.0 9.765625E-5 0
o 106 64 0 6 5.0 9.765625E-5 0
o 107 64 0 6 5.0 9.765625E-5 0
o 108 64 0 6 5.0 9.765625E-5 0
o 109 64 0 6 5.0 9.765625E-5 0
o 110 64 0 6 5.0 9.765625E-5 0
o 111 64 0 6 5.0 9.765625E-5 0
o 112 64 0 6 5.0 9.765625E-5 0
o 113 64 0 6 5.0 9.765625E-5 0
o 114 64 0 6 5.0 9.765625E-5 0
o 115 64 0 6 5.0 9.765625E-5 0
o 116 64 0 6 5.0 9.765625E-5 0
o 117 64 0 6 5.0 9.765625E-5 0
o 118 64 0 6 5.0 9.765625E-5 0
o 119 64 0 6 5.0 9.765625E-5 0
o 120 64 0 6 5.0 9.765625E-5 0
o 121 64 0 6 5.0 9.765625E-5 0
o 122 64 0 6 5.0 9.765625E-5 0
o 123 64 0 6 5.0 9.765625E-5 0
o 124 64 0 6 5.0 9.765625E-5 0
o 125 64 0 6 5.0 9.765625E-5 0
o 126 64 0 6 5.0 9.765625E-5 0
o 127 64 0 6 5.0 9.765625E-5 0
o 128 64 0 6 5.0 9.765625E-5 0
o 129 64 0 6 5.0 9.765625E-5 0
o 130 64 0 6 5.0 9.765625E-5 0
o 131 64 0 6 5.0 9.765625E-5 0
o 132 64 0 6 5.0 9.765625E-5 0
o 133 64 0 6 5.0 9.765625E-5 0
o 134 64 0 6 5.0 9.765625E-5 0
o 135 64 0 6 5.0 9.765625E-5 0
o 136 64 0 6 5.0 9.765625E-5 0
o 137 64 0 6 5.0 9.765625E-5 0
o 138 64 0 6 5.0 9.765625E-5 0
o 139 64 0 6 5.0 9.765625E-5 0
o 140 64 0 6 5.0 9.765625E-5 0
o 141 64 0 6 5.0 9.765625E-5 0
o 142 64 0 6 5.0 9.765625E-5 0
o 143 64 0 6 5.0 9.765625E-5 0
o 144 64 0 6 5.0 9.765625E-5 0
o 145 64 0 6 5.0 9.765625E-5 0
o 146 64 0 6 5.0 9.765625E-5 0
o 147 64 0 6 5.0 9.765625E-5 0
o 148 64 0 6 5.0 9.765625E-5 0
o 149 64 0 6 5.0 9.765625E-5 0
o 150 64 0 6 5.0 9.765625E-5 0
o 151 64 0 6 5.0 9.765625E-5 0
o 152 64 0 6 5.0 9.765625E-5 0
o 153 64 0 6 5.0 9.765625E-5 0
o 154 64 0 6 5.0 9.765625E-5 0
o 155 64 0 6 5.0 9.765625E-5 0
o 156 64 0 6 5.0 9.765625E-5 0
o 157 64 0 6 5.0 9.765625E-5 0
o 158 64 0 6 5.0 9.765625E-5 0
o 159 64 0 6 5.0 9.765625E-5 0
o 160 64 0 6 5.0 9.765625E-5 0
o 161 64 0 6 5.0 9.765625E-5 0
o 162 64 0 6 5.0 9.765625E-5 0
o 163 64 0 6 5.0 9.765625E-5 0
o 164 64 0 6 5.0 9.765625E-5 0
o 165 64 0 6 5.0 9.765625E-5 0
o 166 64 0 6 5.0 9.765625E-5 0
o 167 64 0 6 5.0 9.765625E-5 0
o 168 64 0 6 5.0 9.765625E-5 0
o 169 64 0 6 5.0 9.765625E-5 0
o 170 64 0 6 5.0 9.765625E-5 0
o 171 64 0 6 5.0 9.765625E-5 0
o 172 64 0 6 5.0 9.765625E-5 0
o 173 64 0 6 5.0 9.765625E-5 0
o 174 64 0 6 5.0 9.765625E-5 0
o 175 64 0 6 5.0 9.765625E-5 0
o 176 64 0 6 5.0 9.765625E-5 0
o 177 64 0 6 5.0 9.765625E-5 0
o 178 64 0 6 5.0 9.765625E-5 0
o 179 64 0 6 5.0 9.765625E-5 0
o 180 64 0 6 5.0 9.765625E-5 0
o 181 64 0 6 5.0 9.765625E-5 0
o 182 64 0 6 5.0 9.765625E-5 0
o 183 64 0 6 5.0 9.765625E-5 0
o 184 64 0 6 5.0 9.765625E-5 0
o 185 64 0 6 5.0 9.765625E-5 0
o 186 64 0 6 5.0 9.765625E-5 0
o 187 64 0 6 5.0 9.765625E-5 0
o 188 64 0 6 5.0 9.765625E-5 0
o 189 64 0 6 5.0 9.765625E-5 0
o 190 64 0 6 5.0 9.765625E-5 0
o 191 64 0 6 5.0 9.765625E-5 0
o 192 64 0 6 5.0 9.765625E-5 0
o 193 64 0 6 5.0 9.765625E-5 0
o 194 64 0 6 5.0 9.765625E-5 0
o 195 64 0 6 5.0 9.765625E-5 0
o 196 64 0 6 5.0 9.765625E-5 0
o 197 64 0 6 5.0 9.765625E-5 0
o 198 64 0 6 5.0 9.765625E-5 0
o 199 64 0 6 5.0 9.765625E-5 0
o 200 64 0 6 5.0 9.765625E-5 0
o 201 64 0 6 5.0 9.765625E-5 0
o 202 64 0 6 5.0 9.765625E-5 0
o 203 64 0 6 5.0 9.765625E-5 0
o 204 64 0 6 5.0 9.765625E-5 0
o 205 64 0 6 5.0 9.765625E-5 0
o 206 64 0 6 5.0 9.765625E-5 0
o 207 64 0 6 5.0 9.765625E-5 0
o 208 64 0 6 5.0 9.765625E-5 0
o 209 64 0 6 5.0 9.765625E-5 0
o 210 64 0 6 5.0 9.765625E-5 0
o 211 64 0 6 5.0 9.765625E-5 0
o 212 64 0 6 5.0 9.765625E-5 0
o 213 64 0 6 5.0 9.765625E-5 0
o 214 64 0 6 5.0 9.765625E-5 0
o 215 64 0 6 5.0 9.765625E-5 0
o 216 64 0 6 5.0 9.765625E-5 0
o 217 64 0 6 5.0 9.765625E-5 0
o 218 64 0 6 5.0 9.765625E-5 0
o 219 64 0 6 5.0 9.765625E-5 0
o 220 64 0 6 5.0 9.765625E-5 0
o 221 64 0 6 5.0 9.765625E-5 0
o 222 64 0 6 5.0 9.765625E-5 0
o 223 64 0 6 5.0 9.765625E-5 0
o 224 64 0 6 5.0 9.765625E-5 0
o 225 64 0 6 5.0 9.765625E-5 0
