$ 1 0.000015625 3.046768661252054 58 5 50
c 144 368 208 368 0 1.000000e-06 -2.544137674334456
c 208 368 272 368 0 1.000000e-06 -3.308245117520446
c 272 368 336 368 0 1.000000e-06 -0.9716832694680744
r 336 368 400 368 0 32487.366718
r 208 368 208 448 0 32487.366718
r 272 368 272 448 0 32487.366718
g 208 448 208 464 0
g 272 448 272 464 0
a 400 384 496 384 0 15 -15 1000000 0.00006596531227299938 0
w 400 368 400 320 0
r 400 320 496 320 0 974621.001542
w 496 320 496 384 0
w 496 384 512 384 0
w 512 384 512 288 0
w 512 288 144 288 0
w 144 288 144 368 0
g 400 400 400 448 0
